6.749918e+002,1.094153e-001
6.759561e+002,1.036479e-001
6.769203e+002,9.670840e-002
6.778846e+002,8.766545e-002
6.788489e+002,8.192745e-002
6.798132e+002,7.771026e-002
6.807775e+002,6.888278e-002
6.817418e+002,6.283153e-002
6.827060e+002,6.596830e-002
6.836703e+002,6.713847e-002
6.846346e+002,6.064759e-002
6.855988e+002,5.711343e-002
6.865631e+002,6.133931e-002
6.875274e+002,6.346869e-002
6.884916e+002,5.779954e-002
6.894559e+002,5.509833e-002
6.904202e+002,6.070808e-002
6.913845e+002,6.263421e-002
6.923488e+002,5.652004e-002
6.933130e+002,5.374723e-002
6.942773e+002,5.866548e-002
6.952416e+002,6.132589e-002
6.962059e+002,5.750455e-002
6.971701e+002,5.570975e-002
6.981344e+002,6.003715e-002
6.990987e+002,6.228158e-002
7.000629e+002,5.806373e-002
7.010272e+002,5.499241e-002
7.019915e+002,5.720703e-002
7.029557e+002,5.828657e-002
7.039200e+002,5.422854e-002
7.048843e+002,5.162466e-002
7.058486e+002,5.440815e-002
7.068129e+002,5.543071e-002
7.077772e+002,5.202128e-002
7.087414e+002,4.966235e-002
7.097057e+002,5.150962e-002
7.106700e+002,5.278383e-002
7.116342e+002,5.028665e-002
7.125985e+002,4.827990e-002
7.135628e+002,4.985736e-002
7.145270e+002,5.063355e-002
7.154913e+002,4.845522e-002
7.164556e+002,4.768200e-002
7.174199e+002,4.958272e-002
7.183842e+002,5.043766e-002
7.193484e+002,4.893346e-002
7.203127e+002,4.745587e-002
7.212770e+002,4.825098e-002
7.222413e+002,4.861196e-002
7.232055e+002,4.765363e-002
7.241698e+002,4.718838e-002
7.251341e+002,4.748996e-002
7.260983e+002,4.748501e-002
7.270626e+002,4.705573e-002
7.280269e+002,4.720839e-002
7.289911e+002,4.774591e-002
7.299554e+002,4.731134e-002
7.309197e+002,4.644705e-002
7.318840e+002,4.678373e-002
7.328483e+002,4.762492e-002
7.338126e+002,4.658080e-002
7.347768e+002,4.569275e-002
7.357411e+002,4.682431e-002
7.367054e+002,4.788845e-002
7.376696e+002,4.723468e-002
7.386339e+002,4.667000e-002
7.395982e+002,4.801626e-002
7.405624e+002,4.908480e-002
7.415267e+002,4.760545e-002
7.424910e+002,4.661819e-002
7.434553e+002,4.821919e-002
7.444196e+002,4.930016e-002
7.453839e+002,4.766639e-002
7.463481e+002,4.614018e-002
7.473124e+002,4.733598e-002
7.482767e+002,4.876924e-002
7.492409e+002,4.668859e-002
7.502052e+002,4.415510e-002
7.511695e+002,4.528271e-002
7.521337e+002,4.731365e-002
7.530980e+002,4.568043e-002
7.540623e+002,4.270765e-002
7.550266e+002,4.352355e-002
7.559908e+002,4.621333e-002
7.569551e+002,4.523926e-002
7.579194e+002,4.221391e-002
7.588837e+002,4.248745e-002
7.598480e+002,4.501214e-002
7.608122e+002,4.456371e-002
7.617765e+002,4.184094e-002
7.627408e+002,4.217234e-002
7.637050e+002,4.520682e-002
7.646693e+002,4.493801e-002
7.656336e+002,4.088338e-002
7.665978e+002,4.015173e-002
7.675621e+002,4.348538e-002
7.685264e+002,4.439433e-002
7.694907e+002,4.100019e-002
7.704550e+002,3.967471e-002
7.714193e+002,4.297030e-002
7.723835e+002,4.477291e-002
7.733478e+002,4.191452e-002
7.743120e+002,4.012600e-002
7.752763e+002,4.350199e-002
7.762406e+002,4.597454e-002
7.772048e+002,4.308535e-002
7.781691e+002,4.063777e-002
7.791334e+002,4.333492e-002
7.800977e+002,4.676536e-002
7.810620e+002,4.514500e-002
7.820262e+002,4.271425e-002
7.829905e+002,4.501291e-002
7.839548e+002,4.845325e-002
7.849191e+002,4.765352e-002
7.858833e+002,4.499883e-002
7.868476e+002,4.661005e-002
7.878119e+002,5.072121e-002
7.887761e+002,5.121330e-002
7.897404e+002,4.923142e-002
7.907047e+002,5.096308e-002
7.916689e+002,5.556600e-002
7.926332e+002,5.683967e-002
7.935975e+002,5.509624e-002
7.945618e+002,5.616379e-002
7.955261e+002,6.034776e-002
7.964904e+002,6.228158e-002
7.974546e+002,6.064264e-002
7.984189e+002,6.056686e-002
7.993832e+002,6.373575e-002
8.003474e+002,6.547016e-002
8.013117e+002,6.313070e-002
8.022760e+002,6.160152e-002
8.032402e+002,6.334847e-002
8.042045e+002,6.379723e-002
8.051688e+002,6.124109e-002
8.061331e+002,5.907750e-002
8.070974e+002,5.995191e-002
8.080616e+002,6.080762e-002
8.090259e+002,5.890405e-002
8.099902e+002,5.695153e-002
8.109545e+002,5.673309e-002
8.119187e+002,5.758001e-002
8.128830e+002,5.651498e-002
8.138473e+002,5.393277e-002
8.148115e+002,5.333279e-002
8.157758e+002,5.431103e-002
8.167401e+002,5.401175e-002
8.177043e+002,5.235202e-002
8.186686e+002,5.216471e-002
8.196329e+002,5.315252e-002
8.205972e+002,5.291747e-002
8.215615e+002,5.123805e-002
8.225258e+002,5.022230e-002
8.234900e+002,5.080502e-002
8.244543e+002,5.072770e-002
8.254186e+002,4.917543e-002
8.263828e+002,4.790627e-002
8.273471e+002,4.789604e-002
8.283114e+002,4.796918e-002
8.292756e+002,4.722665e-002
8.302399e+002,4.683872e-002
8.312042e+002,4.679868e-002
8.321685e+002,4.730452e-002
8.331328e+002,4.716396e-002
8.340970e+002,4.620728e-002
8.350613e+002,4.611158e-002
8.360256e+002,4.622839e-002
8.369899e+002,4.643649e-002
8.379541e+002,4.618957e-002
8.389184e+002,4.567130e-002
8.398827e+002,4.595672e-002
8.408469e+002,4.629911e-002
8.418112e+002,4.578525e-002
8.427755e+002,4.459088e-002
8.437397e+002,4.479381e-002
8.447040e+002,4.578613e-002
8.456683e+002,4.604955e-002
8.466326e+002,4.565502e-002
8.475969e+002,4.564490e-002
8.485612e+002,4.585410e-002
8.495254e+002,4.550137e-002
8.504897e+002,4.526302e-002
8.514540e+002,4.541986e-002
8.524182e+002,4.583353e-002
8.533825e+002,4.597322e-002
8.543468e+002,4.585630e-002
8.553110e+002,4.595540e-002
8.562753e+002,4.617725e-002
8.572396e+002,4.682068e-002
8.582039e+002,4.660016e-002
8.591682e+002,4.582451e-002
8.601324e+002,4.614656e-002
8.610967e+002,4.662083e-002
8.620610e+002,4.637820e-002
8.630253e+002,4.620023e-002
8.639895e+002,4.655539e-002
8.649538e+002,4.723325e-002
8.659181e+002,4.721510e-002
8.668823e+002,4.674567e-002
8.678466e+002,4.666868e-002
8.688109e+002,4.745719e-002
8.697751e+002,4.850043e-002
8.707394e+002,4.934207e-002
8.717037e+002,4.994612e-002
8.726680e+002,5.052708e-002
8.736323e+002,5.098706e-002
8.745966e+002,5.099640e-002
8.755608e+002,5.080920e-002
8.765251e+002,5.054743e-002
8.774894e+002,5.062475e-002
8.784536e+002,5.034054e-002
8.794179e+002,5.000970e-002
8.803822e+002,5.032041e-002
8.813464e+002,5.051102e-002
8.823107e+002,5.065302e-002
8.832750e+002,5.082372e-002
8.842393e+002,5.119384e-002
8.852036e+002,5.157671e-002
8.861678e+002,5.178260e-002
8.871321e+002,5.168911e-002
8.880964e+002,5.144802e-002
8.890607e+002,5.176149e-002
8.900249e+002,5.230890e-002
8.909892e+002,5.250303e-002
8.919535e+002,5.261071e-002
8.929177e+002,5.270321e-002
8.938820e+002,5.276887e-002
8.948463e+002,5.273016e-002
8.958105e+002,5.290900e-002
8.967748e+002,5.298225e-002
8.977391e+002,5.302988e-002
8.987034e+002,5.319200e-002
8.996677e+002,5.346159e-002
9.006320e+002,5.372358e-002
9.015962e+002,5.349293e-002
9.025605e+002,5.352395e-002
9.035248e+002,5.370675e-002
9.044890e+002,5.372842e-002
9.054533e+002,5.414120e-002
9.064176e+002,5.422029e-002
9.073818e+002,5.429035e-002
9.083461e+002,5.455828e-002
9.093104e+002,5.458127e-002
9.102747e+002,5.458248e-002
9.112390e+002,5.435612e-002
9.122032e+002,5.422590e-002
9.131675e+002,5.432291e-002
9.141318e+002,5.431400e-002
9.150961e+002,5.397116e-002
9.160603e+002,5.383885e-002
9.170246e+002,5.419686e-002
9.179889e+002,5.438285e-002
9.189531e+002,5.425702e-002
9.199174e+002,5.415924e-002
9.208817e+002,5.453639e-002
9.218459e+002,5.469819e-002
9.228102e+002,5.471601e-002
9.237745e+002,5.479696e-002
9.247388e+002,5.519600e-002
9.257031e+002,5.558239e-002
9.266674e+002,5.518511e-002
9.276316e+002,5.488088e-002
9.285959e+002,5.517312e-002
9.295602e+002,5.543995e-002
9.305244e+002,5.534085e-002
9.314887e+002,5.517950e-002
9.324530e+002,5.550187e-002
9.334172e+002,5.560802e-002
9.343815e+002,5.569700e-002
9.353458e+002,5.587232e-002
9.363101e+002,5.592588e-002
9.372744e+002,5.621306e-002
9.382386e+002,5.661716e-002
9.392029e+002,5.670955e-002
9.401672e+002,5.665390e-002
9.411315e+002,5.704502e-002
9.420957e+002,5.747265e-002
9.430600e+002,5.735299e-002
9.440243e+002,5.730415e-002
9.449885e+002,5.737960e-002
9.459528e+002,5.771606e-002
9.469171e+002,5.799092e-002
9.478813e+002,5.798311e-002
9.488456e+002,5.807374e-002
9.498099e+002,5.824291e-002
9.507742e+002,5.826017e-002
9.517385e+002,5.800588e-002
9.527028e+002,5.814227e-002
9.536670e+002,5.863150e-002
9.546313e+002,5.889195e-002
9.555956e+002,5.909961e-002
9.565598e+002,5.934598e-002
9.575241e+002,5.942935e-002
9.584884e+002,5.973798e-002
9.594526e+002,6.040540e-002
9.604169e+002,6.062823e-002
9.613812e+002,6.094533e-002
9.623455e+002,6.162484e-002
9.633098e+002,6.226123e-002
9.642740e+002,6.267887e-002
9.652383e+002,6.295142e-002
9.662026e+002,6.349124e-002
9.671669e+002,6.438776e-002
9.681311e+002,6.461379e-002
9.690954e+002,6.464326e-002
9.700597e+002,6.497070e-002
9.710239e+002,6.550975e-002
9.719882e+002,6.563437e-002
9.729525e+002,6.560688e-002
9.739167e+002,6.567683e-002
9.748810e+002,6.593640e-002
9.758453e+002,6.637888e-002
9.768096e+002,6.681422e-002
9.777739e+002,6.732314e-002
9.787381e+002,6.767257e-002
9.797024e+002,6.767257e-002
9.806667e+002,6.780599e-002
9.816309e+002,6.823539e-002
9.825952e+002,6.907108e-002
9.835595e+002,6.925696e-002
9.845237e+002,6.915578e-002
9.854880e+002,6.927137e-002
9.864523e+002,6.976005e-002
9.874166e+002,7.042548e-002
9.883809e+002,7.072234e-002
9.893452e+002,7.096630e-002
9.903094e+002,7.142088e-002
9.912737e+002,7.210281e-002
9.922380e+002,7.228561e-002
9.932022e+002,7.264780e-002
9.941665e+002,7.360218e-002
9.951308e+002,7.430710e-002
9.960950e+002,7.479621e-002
9.970593e+002,7.496439e-002
9.980236e+002,7.535485e-002
9.989879e+002,7.585343e-002
9.999521e+002,7.650644e-002
1.000916e+003,7.716340e-002
1.001881e+003,7.771356e-002
1.002845e+003,7.837338e-002
1.003809e+003,7.905839e-002
1.004773e+003,7.937373e-002
1.005738e+003,7.987539e-002
1.006702e+003,8.069722e-002
1.007666e+003,8.172672e-002
1.008631e+003,8.256593e-002
1.009595e+003,8.341054e-002
1.010559e+003,8.434236e-002
1.011523e+003,8.471204e-002
1.012488e+003,8.501033e-002
1.013452e+003,8.624846e-002
1.014416e+003,8.734979e-002
1.015381e+003,8.777126e-002
1.016345e+003,8.802391e-002
1.017309e+003,8.860981e-002
1.018273e+003,8.941977e-002
1.019238e+003,9.035611e-002
1.020202e+003,9.103331e-002
1.021166e+003,9.180510e-002
1.022130e+003,9.270558e-002
1.023095e+003,9.336793e-002
1.024059e+003,9.421165e-002
1.025023e+003,9.542846e-002
1.025988e+003,9.630463e-002
1.026952e+003,9.695686e-002
1.027916e+003,9.747689e-002
1.028880e+003,9.809679e-002
1.029845e+003,9.906403e-002
1.030809e+003,9.989753e-002
1.031773e+003,1.008103e-001
1.032737e+003,1.019629e-001
1.033702e+003,1.028672e-001
1.034666e+003,1.034341e-001
1.035630e+003,1.037824e-001
1.036595e+003,1.046028e-001
1.037559e+003,1.049622e-001
1.038523e+003,1.047701e-001
1.039487e+003,1.053189e-001
1.040452e+003,1.059911e-001
1.041416e+003,1.059740e-001
1.042380e+003,1.063893e-001
1.043344e+003,1.070480e-001
1.044309e+003,1.071125e-001
1.045273e+003,1.072058e-001
1.046237e+003,1.079342e-001
1.047202e+003,1.085925e-001
1.048166e+003,1.094424e-001
1.049130e+003,1.103466e-001
1.050094e+003,1.109293e-001
1.051059e+003,1.115661e-001
1.052023e+003,1.125914e-001
1.052987e+003,1.132513e-001
1.053952e+003,1.135960e-001
1.054916e+003,1.143015e-001
1.055880e+003,1.156068e-001
1.056844e+003,1.166950e-001
1.057809e+003,1.172259e-001
1.058773e+003,1.170895e-001
1.059737e+003,1.169953e-001
1.060701e+003,1.171267e-001
1.061666e+003,1.178010e-001
1.062630e+003,1.177873e-001
1.063594e+003,1.178171e-001
1.064558e+003,1.180558e-001
1.065523e+003,1.181542e-001
1.066487e+003,1.180962e-001
1.067451e+003,1.184590e-001
1.068416e+003,1.182884e-001
1.069380e+003,1.178222e-001
1.070344e+003,1.172378e-001
1.071308e+003,1.172130e-001
1.072273e+003,1.177788e-001
1.073237e+003,1.180769e-001
1.074201e+003,1.177576e-001
1.075166e+003,1.179117e-001
1.076130e+003,1.182550e-001
1.077094e+003,1.178464e-001
1.078058e+003,1.175097e-001
1.079023e+003,1.179084e-001
1.079987e+003,1.181475e-001
1.080951e+003,1.183248e-001
1.081915e+003,1.182374e-001
1.082880e+003,1.181003e-001
1.083844e+003,1.180705e-001
1.084808e+003,1.181889e-001
1.085773e+003,1.182977e-001
1.086737e+003,1.181757e-001
1.087701e+003,1.179021e-001
1.088665e+003,1.177527e-001
1.089630e+003,1.172744e-001
1.090594e+003,1.169370e-001
1.091558e+003,1.167343e-001
1.092522e+003,1.167782e-001
1.093487e+003,1.168927e-001
1.094451e+003,1.168875e-001
1.095415e+003,1.163583e-001
1.096380e+003,1.161531e-001
1.097344e+003,1.163966e-001
1.098308e+003,1.163730e-001
1.099272e+003,1.161417e-001
1.100237e+003,1.163674e-001
1.101201e+003,1.165956e-001
1.102165e+003,1.165868e-001
1.103130e+003,1.165874e-001
1.104094e+003,1.165925e-001
1.105058e+003,1.166377e-001
1.106022e+003,1.169582e-001
1.106987e+003,1.173467e-001
1.107951e+003,1.172347e-001
1.108915e+003,1.167185e-001
1.109879e+003,1.170415e-001
1.110844e+003,1.173821e-001
1.111808e+003,1.173838e-001
1.112772e+003,1.170319e-001
1.113736e+003,1.166999e-001
1.114701e+003,1.165620e-001
1.115665e+003,1.166521e-001
1.116629e+003,1.166941e-001
1.117594e+003,1.164144e-001
1.118558e+003,1.164293e-001
1.119522e+003,1.162837e-001
1.120486e+003,1.158937e-001
1.121451e+003,1.159889e-001
1.122415e+003,1.162788e-001
1.123379e+003,1.164403e-001
1.124344e+003,1.162185e-001
1.125308e+003,1.160151e-001
1.126272e+003,1.153603e-001
1.127236e+003,1.148068e-001
1.128201e+003,1.145796e-001
1.129165e+003,1.142043e-001
1.130129e+003,1.134492e-001
1.131093e+003,1.127389e-001
1.132058e+003,1.122923e-001
1.133022e+003,1.119675e-001
1.133986e+003,1.111864e-001
1.134951e+003,1.105203e-001
1.135915e+003,1.105011e-001
1.136879e+003,1.104043e-001
1.137843e+003,1.098766e-001
1.138808e+003,1.096723e-001
1.139772e+003,1.094279e-001
1.140736e+003,1.093545e-001
1.141700e+003,1.094327e-001
1.142665e+003,1.093460e-001
1.143629e+003,1.090927e-001
1.144593e+003,1.090274e-001
1.145557e+003,1.088602e-001
1.146522e+003,1.088240e-001
1.147486e+003,1.085667e-001
1.148450e+003,1.083876e-001
1.149415e+003,1.083142e-001
1.150379e+003,1.086191e-001
1.151343e+003,1.086311e-001
1.152307e+003,1.084088e-001
1.153272e+003,1.086096e-001
1.154236e+003,1.091157e-001
1.155200e+003,1.091057e-001
1.156165e+003,1.093239e-001
1.157129e+003,1.094180e-001
1.158093e+003,1.093202e-001
1.159057e+003,1.094888e-001
1.160022e+003,1.100133e-001
1.160986e+003,1.103114e-001
1.161950e+003,1.104706e-001
1.162914e+003,1.102633e-001
1.163879e+003,1.101466e-001
1.164843e+003,1.103795e-001
1.165807e+003,1.107088e-001
1.166772e+003,1.110073e-001
1.167736e+003,1.110329e-001
1.168700e+003,1.108860e-001
1.169664e+003,1.112734e-001
1.170629e+003,1.111660e-001
1.171593e+003,1.108662e-001
1.172557e+003,1.103215e-001
1.173521e+003,1.096451e-001
1.174486e+003,1.088248e-001
1.175450e+003,1.082064e-001
1.176414e+003,1.075617e-001
1.177379e+003,1.068584e-001
1.178343e+003,1.061608e-001
1.179307e+003,1.055971e-001
1.180271e+003,1.049844e-001
1.181236e+003,1.038791e-001
1.182200e+003,1.026697e-001
1.183164e+003,1.019593e-001
1.184129e+003,1.014915e-001
1.185093e+003,1.010027e-001
1.186057e+003,1.002397e-001
1.187021e+003,9.960187e-002
1.187986e+003,9.869942e-002
1.188950e+003,9.813572e-002
1.189914e+003,9.780488e-002
1.190878e+003,9.745985e-002
1.191843e+003,9.695698e-002
1.192807e+003,9.656695e-002
1.193771e+003,9.607872e-002
1.194735e+003,9.567033e-002
1.195700e+003,9.530351e-002
1.196664e+003,9.468329e-002
1.197628e+003,9.417855e-002
1.198593e+003,9.408440e-002
1.199557e+003,9.391963e-002
1.200521e+003,9.380646e-002
1.201485e+003,9.342898e-002
1.202450e+003,9.318040e-002
1.203414e+003,9.313256e-002
1.204378e+003,9.323881e-002
1.205343e+003,9.347286e-002
1.206307e+003,9.376796e-002
1.207271e+003,9.357086e-002
1.208235e+003,9.356888e-002
1.209200e+003,9.363125e-002
1.210164e+003,9.361695e-002
1.211128e+003,9.356569e-002
1.212092e+003,9.364522e-002
1.213057e+003,9.376928e-002
1.214021e+003,9.390765e-002
1.214985e+003,9.397045e-002
1.215950e+003,9.440744e-002
1.216914e+003,9.474994e-002
1.217878e+003,9.520122e-002
1.218842e+003,9.557661e-002
1.219807e+003,9.595200e-002
1.220771e+003,9.636942e-002
1.221735e+003,9.682894e-002
1.222699e+003,9.735525e-002
1.223664e+003,9.806368e-002
1.224628e+003,9.851090e-002
1.225592e+003,9.877289e-002
1.226557e+003,9.928830e-002
1.227521e+003,9.992348e-002
1.228485e+003,1.004407e-001
1.229449e+003,1.010466e-001
1.230414e+003,1.015504e-001
1.231378e+003,1.022146e-001
1.232342e+003,1.029166e-001
1.233307e+003,1.033648e-001
1.234271e+003,1.036830e-001
1.235235e+003,1.042674e-001
1.236199e+003,1.046972e-001
1.237164e+003,1.050300e-001
1.238128e+003,1.051124e-001
1.239092e+003,1.054441e-001
1.240056e+003,1.056711e-001
1.241021e+003,1.055952e-001
1.241985e+003,1.051485e-001
1.242949e+003,1.049300e-001
1.243913e+003,1.049745e-001
1.244878e+003,1.048204e-001
1.245842e+003,1.046667e-001
1.246806e+003,1.045694e-001
1.247771e+003,1.044033e-001
1.248735e+003,1.043060e-001
1.249699e+003,1.039774e-001
1.250663e+003,1.036914e-001
1.251628e+003,1.033893e-001
1.252592e+003,1.031695e-001
1.253556e+003,1.031517e-001
1.254521e+003,1.033037e-001
1.255485e+003,1.031392e-001
1.256449e+003,1.030262e-001
1.257413e+003,1.029002e-001
1.258378e+003,1.027303e-001
1.259342e+003,1.027410e-001
1.260306e+003,1.026397e-001
1.261270e+003,1.022471e-001
1.262235e+003,1.017452e-001
1.263199e+003,1.012429e-001
1.264163e+003,1.012791e-001
1.265128e+003,1.011077e-001
1.266092e+003,1.009707e-001
1.267056e+003,1.010196e-001
1.268020e+003,1.012899e-001
1.268985e+003,1.014364e-001
1.269949e+003,1.013136e-001
1.270913e+003,1.012096e-001
1.271877e+003,1.012900e-001
1.272842e+003,1.015251e-001
1.273806e+003,1.020782e-001
1.274770e+003,1.020886e-001
1.275734e+003,1.022464e-001
1.276699e+003,1.023908e-001
1.277663e+003,1.026250e-001
1.278627e+003,1.029066e-001
1.279592e+003,1.031745e-001
1.280556e+003,1.033647e-001
1.281520e+003,1.035063e-001
1.282484e+003,1.034752e-001
1.283449e+003,1.035462e-001
1.284413e+003,1.035540e-001
1.285377e+003,1.037201e-001
1.286342e+003,1.041420e-001
1.287306e+003,1.044335e-001
1.288270e+003,1.041551e-001
1.289234e+003,1.042680e-001
1.290199e+003,1.041515e-001
1.291163e+003,1.041441e-001
1.292127e+003,1.044137e-001
1.293091e+003,1.047066e-001
1.294056e+003,1.045738e-001
1.295020e+003,1.045706e-001
1.295984e+003,1.048371e-001
1.296948e+003,1.050476e-001
1.297913e+003,1.050611e-001
1.298877e+003,1.052004e-001
1.299841e+003,1.053114e-001
1.300806e+003,1.054696e-001
1.301770e+003,1.054693e-001
1.302734e+003,1.057147e-001
1.303698e+003,1.059662e-001
1.304663e+003,1.062327e-001
1.305627e+003,1.065711e-001
1.306591e+003,1.068962e-001
1.307556e+003,1.068287e-001
1.308520e+003,1.068586e-001
1.309484e+003,1.069685e-001
1.310448e+003,1.071447e-001
1.311413e+003,1.074034e-001
1.312377e+003,1.074310e-001
1.313341e+003,1.070865e-001
1.314305e+003,1.072712e-001
1.315270e+003,1.076568e-001
1.316234e+003,1.081157e-001
1.317198e+003,1.077084e-001
1.318163e+003,1.074342e-001
1.319127e+003,1.067428e-001
1.320091e+003,1.066643e-001
1.321055e+003,1.071298e-001
1.322020e+003,1.074547e-001
1.322984e+003,1.072730e-001
1.323948e+003,1.071411e-001
1.324912e+003,1.070203e-001
1.325877e+003,1.072067e-001
1.326841e+003,1.072309e-001
1.327805e+003,1.073733e-001
1.328770e+003,1.079258e-001
1.329734e+003,1.089225e-001
1.330698e+003,1.099284e-001
1.331662e+003,1.104338e-001
1.332627e+003,1.095599e-001
1.333591e+003,1.080673e-001
1.334555e+003,1.062100e-001
1.335520e+003,1.045218e-001
1.336484e+003,1.018179e-001
1.337448e+003,9.981339e-002
1.338412e+003,9.861330e-002
1.339377e+003,9.680541e-002
1.340341e+003,9.457495e-002
1.341305e+003,9.286980e-002
1.342269e+003,9.239849e-002
1.343234e+003,9.157897e-002
1.344198e+003,9.068256e-002
1.345162e+003,8.976393e-002
1.346126e+003,8.901127e-002
1.347091e+003,8.825874e-002
1.348055e+003,8.757769e-002
1.349019e+003,8.663233e-002
1.349984e+003,8.567125e-002
1.350948e+003,8.503177e-002
1.351912e+003,8.450647e-002
1.352876e+003,8.423677e-002
1.353841e+003,8.399359e-002
1.354805e+003,8.324687e-002
1.355769e+003,8.247761e-002
1.356734e+003,8.252314e-002
1.357698e+003,8.242591e-002
1.358662e+003,8.213478e-002
1.359626e+003,8.285652e-002
1.360591e+003,8.304714e-002
1.361555e+003,8.255967e-002
1.362519e+003,8.318319e-002
1.363483e+003,8.026365e-002
1.364448e+003,8.046955e-002
1.365412e+003,8.199509e-002
1.366376e+003,8.198234e-002
1.367341e+003,8.207549e-002
1.368305e+003,8.144053e-002
1.369269e+003,8.037870e-002
1.370233e+003,8.088080e-002
1.371198e+003,8.146659e-002
1.372162e+003,8.257517e-002
1.373126e+003,8.328053e-002
1.374090e+003,8.114994e-002
1.375055e+003,7.990409e-002
1.376019e+003,8.065389e-002
1.376983e+003,8.181372e-002
1.377948e+003,8.145043e-002
1.378912e+003,8.036374e-002
1.379876e+003,7.928299e-002
1.380840e+003,7.832608e-002
1.381805e+003,7.786820e-002
1.382769e+003,7.756177e-002
1.383733e+003,7.736269e-002
1.384698e+003,7.731430e-002
1.385662e+003,7.813559e-002
1.386626e+003,7.835381e-002
1.387590e+003,7.185864e-002
1.388555e+003,6.842798e-002
1.389519e+003,7.018284e-002
1.390483e+003,6.918976e-002
1.391447e+003,6.812584e-002
1.392412e+003,6.791818e-002
1.393376e+003,7.041141e-002
1.394340e+003,6.733073e-002
1.395304e+003,6.200221e-002
1.396269e+003,6.256316e-002
1.397233e+003,6.419803e-002
1.398197e+003,6.544310e-002
1.399162e+003,6.163870e-002
1.400126e+003,5.880484e-002
1.401090e+003,6.118434e-002
1.402054e+003,6.184779e-002
1.403019e+003,6.294130e-002
1.403983e+003,6.541857e-002
1.404947e+003,6.461895e-002
1.405911e+003,6.164816e-002
1.406876e+003,6.196493e-002
1.407840e+003,6.154829e-002
1.408804e+003,6.162209e-002
1.409769e+003,6.109206e-002
1.410733e+003,6.121194e-002
1.411697e+003,6.058160e-002
1.412661e+003,6.052671e-002
1.413626e+003,6.076737e-002
1.414590e+003,6.177828e-002
1.415554e+003,6.200980e-002
1.416519e+003,6.258582e-002
1.417483e+003,6.362565e-002
1.418447e+003,6.874046e-002
1.419411e+003,5.894320e-002
1.420376e+003,5.300865e-002
1.421340e+003,5.985270e-002
1.422304e+003,6.252928e-002
1.423268e+003,6.341194e-002
1.424233e+003,6.095435e-002
1.425197e+003,6.180324e-002
1.426161e+003,6.399906e-002
1.427125e+003,6.503350e-002
1.428090e+003,6.660216e-002
1.429054e+003,6.845251e-002
1.430018e+003,6.566781e-002
1.430983e+003,6.459069e-002
1.431947e+003,6.752288e-002
1.432911e+003,6.828752e-002
1.433875e+003,6.863707e-002
1.434840e+003,7.246061e-002
1.435804e+003,7.883698e-002
1.436768e+003,6.641892e-002
1.437733e+003,6.013317e-002
1.438697e+003,6.787814e-002
1.439661e+003,6.936750e-002
1.440625e+003,6.930503e-002
1.441590e+003,6.928446e-002
1.442554e+003,6.980119e-002
1.443518e+003,6.986201e-002
1.444482e+003,7.001489e-002
1.445447e+003,6.996617e-002
1.446411e+003,7.207014e-002
1.447375e+003,7.237514e-002
1.448340e+003,6.797934e-002
1.449304e+003,6.880821e-002
1.450268e+003,7.163283e-002
1.451232e+003,7.262427e-002
1.452197e+003,7.198633e-002
1.453161e+003,7.198215e-002
1.454125e+003,7.438662e-002
1.455089e+003,7.878837e-002
1.456054e+003,8.364525e-002
1.457018e+003,6.687648e-002
1.457982e+003,6.262816e-002
1.458947e+003,6.613042e-002
1.459911e+003,6.755104e-002
1.460875e+003,7.041734e-002
1.461839e+003,7.114668e-002
1.462804e+003,7.205386e-002
1.463768e+003,7.563642e-002
1.464732e+003,7.066493e-002
1.465697e+003,6.354877e-002
1.466661e+003,6.753663e-002
1.467625e+003,6.807898e-002
1.468589e+003,6.750869e-002
1.469554e+003,6.696348e-002
1.470518e+003,7.059860e-002
1.471482e+003,7.125656e-002
1.472446e+003,6.386058e-002
1.473411e+003,5.730712e-002
1.474375e+003,5.638894e-002
1.475339e+003,6.309330e-002
1.476303e+003,5.832353e-002
1.477268e+003,5.440100e-002
1.478232e+003,5.703501e-002
1.479196e+003,5.737444e-002
1.480161e+003,5.777820e-002
1.481125e+003,5.630391e-002
1.482089e+003,5.481181e-002
1.483053e+003,5.510515e-002
1.484018e+003,5.545678e-002
1.484982e+003,5.579698e-002
1.485946e+003,5.791921e-002
1.486911e+003,5.675751e-002
1.487875e+003,5.377549e-002
1.488839e+003,5.834443e-002
1.489803e+003,5.784541e-002
1.490768e+003,5.145187e-002
1.491732e+003,5.193032e-002
1.492696e+003,5.575694e-002
1.493660e+003,5.732593e-002
1.494625e+003,6.178883e-002
1.495589e+003,6.423367e-002
1.496553e+003,5.095384e-002
1.497518e+003,5.443949e-002
1.498482e+003,5.768262e-002
1.499446e+003,5.053588e-002
1.500410e+003,5.383335e-002
1.501375e+003,5.491421e-002
1.502339e+003,5.412713e-002
1.503303e+003,5.538496e-002
1.504267e+003,6.317569e-002
1.505232e+003,6.678496e-002
1.506196e+003,5.642039e-002
1.507160e+003,4.372681e-002
1.508125e+003,4.360461e-002
1.509089e+003,4.951013e-002
1.510053e+003,5.010902e-002
1.511017e+003,5.447117e-002
1.511982e+003,5.389769e-002
1.512946e+003,4.926353e-002
1.513910e+003,5.308322e-002
1.514875e+003,5.493587e-002
1.515839e+003,5.648924e-002
1.516803e+003,5.427616e-002
1.517767e+003,4.512740e-002
1.518732e+003,5.078369e-002
1.519696e+003,6.021313e-002
1.520660e+003,5.738609e-002
1.521624e+003,4.354532e-002
1.522589e+003,4.159588e-002
1.523553e+003,4.589425e-002
1.524517e+003,5.350690e-002
1.525481e+003,4.757344e-002
1.526446e+003,4.540722e-002
1.527410e+003,4.832357e-002
1.528374e+003,4.621255e-002
1.529339e+003,4.564028e-002
1.530303e+003,4.838670e-002
1.531267e+003,4.967995e-002
1.532231e+003,5.245651e-002
1.533196e+003,5.063784e-002
1.534160e+003,4.000897e-002
1.535124e+003,4.246480e-002
1.536089e+003,4.690702e-002
1.537053e+003,5.150026e-002
1.538017e+003,6.125451e-002
1.538981e+003,5.592082e-002
1.539946e+003,3.782723e-002
1.540910e+003,4.175559e-002
1.541874e+003,4.311868e-002
1.542838e+003,3.559809e-002
1.543803e+003,4.458538e-002
1.544767e+003,4.572465e-002
1.545731e+003,3.792567e-002
1.546696e+003,4.040306e-002
1.547660e+003,4.413553e-002
1.548624e+003,4.626744e-002
1.549588e+003,4.528392e-002
1.550553e+003,3.957605e-002
1.551517e+003,4.127439e-002
1.552481e+003,4.550346e-002
1.553445e+003,5.076719e-002
1.554410e+003,3.926456e-002
1.555374e+003,3.611569e-002
1.556338e+003,4.965498e-002
1.557302e+003,5.836092e-002
1.558267e+003,4.554030e-002
1.559231e+003,3.819877e-002
1.560195e+003,2.602378e-002
1.561160e+003,2.626961e-002
1.562124e+003,3.826752e-002
1.563088e+003,4.165264e-002
1.564052e+003,4.340058e-002
1.565017e+003,3.978404e-002
1.565981e+003,3.899421e-002
1.566945e+003,4.139670e-002
1.567910e+003,4.570683e-002
1.568874e+003,4.810722e-002
1.569838e+003,3.677959e-002
1.570802e+003,3.452416e-002
1.571767e+003,4.104253e-002
1.572731e+003,4.241838e-002
1.573695e+003,4.376200e-002
1.574659e+003,5.161817e-002
1.575624e+003,5.377395e-002
1.576588e+003,3.046777e-002
1.577552e+003,3.458553e-002
1.578517e+003,4.266344e-002
1.579481e+003,4.413531e-002
1.580445e+003,4.448430e-002
1.581409e+003,4.502302e-002
1.582374e+003,4.521903e-002
1.583338e+003,4.563544e-002
1.584302e+003,4.580317e-002
1.585266e+003,4.623576e-002
1.586231e+003,4.644078e-002
1.587195e+003,4.683487e-002
1.588159e+003,4.740758e-002
1.589124e+003,4.804376e-002
1.590088e+003,4.804640e-002
1.591052e+003,4.874054e-002
1.592016e+003,4.927607e-002
1.592981e+003,5.017446e-002
1.593945e+003,5.082119e-002
1.594909e+003,5.069493e-002
1.595874e+003,5.114720e-002
1.596838e+003,5.187918e-002
1.597802e+003,5.282915e-002
1.598766e+003,5.390154e-002
1.599731e+003,5.460382e-002
1.600695e+003,5.505158e-002
1.601659e+003,5.530797e-002
1.602623e+003,5.597791e-002
1.603588e+003,5.586858e-002
1.604552e+003,5.670163e-002
1.605516e+003,5.796013e-002
1.606480e+003,5.871036e-002
1.607445e+003,5.869881e-002
1.608409e+003,6.003000e-002
1.609373e+003,5.982916e-002
1.610338e+003,5.931420e-002
1.611302e+003,6.051813e-002
1.612266e+003,6.137022e-002
1.613230e+003,6.229115e-002
1.614195e+003,6.374785e-002
1.615159e+003,7.128339e-002
1.616123e+003,7.403498e-002
1.617088e+003,5.264712e-002
1.618052e+003,5.598484e-002
1.619016e+003,6.472355e-002
1.619980e+003,6.587998e-002
1.620945e+003,6.713429e-002
1.621909e+003,7.093209e-002
1.622873e+003,7.267080e-002
1.623837e+003,6.329161e-002
1.624802e+003,6.441328e-002
1.625766e+003,7.019374e-002
1.626730e+003,7.382612e-002
1.627695e+003,7.162535e-002
1.628659e+003,6.891083e-002
1.629623e+003,7.208719e-002
1.630587e+003,7.363880e-002
1.631552e+003,7.445503e-002
1.632516e+003,7.548761e-002
1.633480e+003,8.088794e-002
1.634444e+003,9.021785e-002
1.635409e+003,7.588246e-002
1.636373e+003,6.569882e-002
1.637337e+003,7.512365e-002
1.638302e+003,7.613027e-002
1.639266e+003,7.973229e-002
1.640230e+003,8.100046e-002
1.641194e+003,8.248113e-002
1.642159e+003,8.306594e-002
1.643123e+003,8.433434e-002
1.644087e+003,8.832297e-002
1.645052e+003,9.600084e-002
1.646016e+003,8.683394e-002
1.646980e+003,8.179931e-002
1.647944e+003,8.302008e-002
1.648909e+003,8.300314e-002
1.649873e+003,8.866404e-002
1.650837e+003,9.917160e-002
1.651801e+003,1.144865e-001
1.652766e+003,9.625722e-002
1.653730e+003,7.029284e-002
1.654694e+003,7.694375e-002
1.655658e+003,8.620931e-002
1.656623e+003,9.247021e-002
1.657587e+003,9.306084e-002
1.658551e+003,9.390534e-002
1.659516e+003,9.458177e-002
1.660480e+003,9.630584e-002
1.661444e+003,9.992975e-002
1.662408e+003,9.858844e-002
1.663373e+003,8.964976e-002
1.664337e+003,9.393746e-002
1.665301e+003,9.684402e-002
1.666266e+003,9.830742e-002
1.667230e+003,1.008720e-001
1.668194e+003,1.066891e-001
1.669158e+003,9.840596e-002
1.670123e+003,9.268787e-002
1.671087e+003,9.820260e-002
1.672051e+003,9.640142e-002
1.673015e+003,9.967370e-002
1.673980e+003,1.094450e-001
1.674944e+003,1.058136e-001
1.675908e+003,9.060755e-002
1.676872e+003,9.733292e-002
1.677837e+003,1.029282e-001
1.678801e+003,1.048915e-001
1.679765e+003,1.049812e-001
1.680730e+003,1.028271e-001
1.681694e+003,1.082281e-001
1.682658e+003,1.157832e-001
1.683622e+003,1.181128e-001
1.684587e+003,1.005604e-001
1.685551e+003,8.815029e-002
1.686515e+003,1.021027e-001
1.687479e+003,1.091174e-001
1.688444e+003,1.087666e-001
1.689408e+003,1.088672e-001
1.690372e+003,1.084814e-001
1.691337e+003,1.092138e-001
1.692301e+003,1.112088e-001
1.693265e+003,1.127725e-001
1.694229e+003,1.220431e-001
1.695194e+003,1.270297e-001
1.696158e+003,1.003826e-001
1.697122e+003,1.027548e-001
1.698087e+003,1.175750e-001
1.699051e+003,1.336388e-001
1.700015e+003,1.233632e-001
1.700979e+003,9.212253e-002
1.701944e+003,1.059281e-001
1.702908e+003,1.189012e-001
1.703872e+003,1.215351e-001
1.704836e+003,1.181576e-001
1.705801e+003,1.196442e-001
1.706765e+003,1.159305e-001
1.707729e+003,1.176434e-001
1.708693e+003,1.217392e-001
1.709658e+003,1.224694e-001
1.710622e+003,1.212653e-001
1.711586e+003,1.226222e-001
1.712551e+003,1.254651e-001
1.713515e+003,1.286264e-001
1.714479e+003,1.280711e-001
1.715443e+003,1.240584e-001
1.716408e+003,1.333326e-001
1.717372e+003,1.303246e-001
1.718336e+003,1.161786e-001
1.719301e+003,1.185567e-001
1.720265e+003,1.253355e-001
1.721229e+003,1.295316e-001
1.722193e+003,1.308970e-001
1.723158e+003,1.314349e-001
1.724122e+003,1.301510e-001
1.725086e+003,1.317591e-001
1.726050e+003,1.326828e-001
1.727015e+003,1.335276e-001
1.727979e+003,1.343538e-001
1.728943e+003,1.367101e-001
1.729908e+003,1.338858e-001
1.730872e+003,1.316307e-001
1.731836e+003,1.378906e-001
1.732800e+003,1.452876e-001
1.733765e+003,1.360350e-001
1.734729e+003,1.147609e-001
1.735693e+003,1.163138e-001
1.736657e+003,1.248573e-001
1.737622e+003,1.245947e-001
1.738586e+003,1.279159e-001
1.739550e+003,1.216710e-001
1.740515e+003,1.100539e-001
1.741479e+003,1.136792e-001
1.742443e+003,1.162711e-001
1.743407e+003,1.110417e-001
1.744372e+003,1.084629e-001
1.745336e+003,1.090591e-001
1.746300e+003,1.085797e-001
1.747265e+003,1.070517e-001
1.748229e+003,1.051370e-001
1.749193e+003,1.015502e-001
1.750157e+003,1.073793e-001
1.751122e+003,1.011704e-001
1.752086e+003,9.039043e-002
1.753050e+003,9.573346e-002
1.754014e+003,9.711514e-002
1.754979e+003,9.795292e-002
1.755943e+003,9.930392e-002
1.756907e+003,9.316555e-002
1.757871e+003,9.040692e-002
1.758836e+003,9.301893e-002
1.759800e+003,9.413389e-002
1.760764e+003,9.838815e-002
1.761729e+003,9.124691e-002
1.762693e+003,8.511437e-002
1.763657e+003,8.994200e-002
1.764621e+003,9.129816e-002
1.765586e+003,9.109116e-002
1.766550e+003,9.389489e-002
1.767514e+003,9.520903e-002
1.768479e+003,8.634537e-002
1.769443e+003,8.855736e-002
1.770407e+003,9.597994e-002
1.771371e+003,9.739935e-002
1.772336e+003,9.083808e-002
1.773300e+003,7.991432e-002
1.774264e+003,8.786190e-002
1.775228e+003,9.228861e-002
1.776193e+003,9.053924e-002
1.777157e+003,9.165177e-002
1.778121e+003,9.307569e-002
1.779086e+003,9.377973e-002
1.780050e+003,9.407032e-002
1.781014e+003,9.056586e-002
1.781978e+003,9.104387e-002
1.782943e+003,9.329116e-002
1.783907e+003,9.586094e-002
1.784871e+003,9.312904e-002
1.785835e+003,9.087779e-002
1.786800e+003,9.311463e-002
1.787764e+003,9.417151e-002
1.788728e+003,9.467856e-002
1.789693e+003,9.704100e-002
1.790657e+003,9.784514e-002
1.791621e+003,9.967348e-002
1.792585e+003,9.341182e-002
1.793550e+003,8.775366e-002
1.794514e+003,9.550656e-002
1.795478e+003,9.736195e-002
1.796443e+003,9.643838e-002
1.797407e+003,9.704255e-002
1.798371e+003,1.006976e-001
1.799335e+003,9.987993e-002
1.800300e+003,9.827827e-002
1.801264e+003,1.004558e-001
1.802228e+003,1.002765e-001
1.803192e+003,1.001151e-001
1.804157e+003,1.024057e-001
1.805121e+003,1.035850e-001
1.806085e+003,1.050005e-001
1.807049e+003,1.061303e-001
1.808014e+003,1.067295e-001
1.808978e+003,1.090616e-001
1.809942e+003,1.114830e-001
1.810907e+003,1.100511e-001
1.811871e+003,1.114451e-001
1.812835e+003,1.141303e-001
1.813799e+003,1.170889e-001
1.814764e+003,1.201275e-001
1.815728e+003,1.240783e-001
1.816692e+003,1.281652e-001
1.817656e+003,1.302158e-001
1.818621e+003,1.318344e-001
1.819585e+003,1.337338e-001
1.820549e+003,1.351372e-001
1.821514e+003,1.366045e-001
1.822478e+003,1.373431e-001
1.823442e+003,1.397091e-001
1.824406e+003,1.426975e-001
1.825371e+003,1.379220e-001
1.826335e+003,1.376501e-001
1.827299e+003,1.431496e-001
1.828264e+003,1.470393e-001
1.829228e+003,1.488161e-001
1.830192e+003,1.424788e-001
1.831156e+003,1.427100e-001
1.832121e+003,1.481001e-001
1.833085e+003,1.499355e-001
1.834049e+003,1.509890e-001
1.835013e+003,1.528647e-001
1.835978e+003,1.547992e-001
1.836942e+003,1.558666e-001
1.837906e+003,1.564490e-001
1.838870e+003,1.582732e-001
1.839835e+003,1.594919e-001
1.840799e+003,1.611570e-001
1.841763e+003,1.630052e-001
1.842728e+003,1.692997e-001
1.843692e+003,1.712787e-001
1.844656e+003,1.589521e-001
1.845620e+003,1.624839e-001
1.846585e+003,1.696252e-001
1.847549e+003,1.707723e-001
1.848513e+003,1.708955e-001
1.849478e+003,1.729546e-001
1.850442e+003,1.746074e-001
1.851406e+003,1.757295e-001
1.852370e+003,1.769276e-001
1.853335e+003,1.782468e-001
1.854299e+003,1.795900e-001
1.855263e+003,1.808683e-001
1.856227e+003,1.821157e-001
1.857192e+003,1.836144e-001
1.858156e+003,1.851318e-001
1.859120e+003,1.863301e-001
1.860085e+003,1.876290e-001
1.861049e+003,1.889375e-001
1.862013e+003,1.900599e-001
1.862977e+003,1.912365e-001
1.863942e+003,1.923431e-001
1.864906e+003,1.939460e-001
1.865870e+003,1.955478e-001
1.866834e+003,1.971438e-001
1.867799e+003,1.993409e-001
1.868763e+003,1.993075e-001
1.869727e+003,1.954582e-001
1.870692e+003,1.981734e-001
1.871656e+003,2.021083e-001
1.872620e+003,2.037660e-001
1.873584e+003,2.052108e-001
1.874549e+003,2.063570e-001
1.875513e+003,2.077563e-001
1.876477e+003,2.089335e-001
1.877442e+003,2.104108e-001
1.878406e+003,2.117866e-001
1.879370e+003,2.129609e-001
1.880334e+003,2.143006e-001
1.881299e+003,2.161254e-001
1.882263e+003,2.179563e-001
1.883227e+003,2.196132e-001
1.884191e+003,2.205662e-001
1.885156e+003,2.215750e-001
1.886120e+003,2.231326e-001
1.887084e+003,2.246027e-001
1.888048e+003,2.275020e-001
1.889013e+003,2.292190e-001
1.889977e+003,2.267567e-001
1.890941e+003,2.289960e-001
1.891906e+003,2.322994e-001
1.892870e+003,2.342566e-001
1.893834e+003,2.362559e-001
1.894798e+003,2.371079e-001
1.895763e+003,2.373657e-001
1.896727e+003,2.394769e-001
1.897691e+003,2.416149e-001
1.898656e+003,2.434197e-001
1.899620e+003,2.448839e-001
1.900584e+003,2.462354e-001
1.901548e+003,2.478203e-001
1.902513e+003,2.493971e-001
1.903477e+003,2.507646e-001
1.904441e+003,2.524153e-001
1.905405e+003,2.543193e-001
1.906370e+003,2.563349e-001
1.907334e+003,2.581847e-001
1.908298e+003,2.595721e-001
1.909263e+003,2.616860e-001
1.910227e+003,2.623033e-001
1.911191e+003,2.637599e-001
1.912155e+003,2.658966e-001
1.913120e+003,2.676606e-001
1.914084e+003,2.697856e-001
1.915048e+003,2.715479e-001
1.916012e+003,2.740869e-001
1.916977e+003,2.788013e-001
1.917941e+003,2.770039e-001
1.918905e+003,2.750317e-001
1.919870e+003,2.794776e-001
1.920834e+003,2.825205e-001
1.921798e+003,2.859045e-001
1.922762e+003,2.870724e-001
1.923727e+003,2.883168e-001
1.924691e+003,2.921242e-001
1.925655e+003,2.957948e-001
1.926620e+003,2.988260e-001
1.927584e+003,3.021952e-001
1.928548e+003,3.047703e-001
1.929512e+003,3.076421e-001
1.930477e+003,3.104479e-001
1.931441e+003,3.132205e-001
1.932405e+003,3.159686e-001
1.933369e+003,3.187737e-001
1.934334e+003,3.218069e-001
1.935298e+003,3.251197e-001
1.936262e+003,3.279208e-001
1.937226e+003,3.308416e-001
1.938191e+003,3.339034e-001
1.939155e+003,3.369900e-001
1.940119e+003,3.400027e-001
1.941084e+003,3.447235e-001
1.942048e+003,3.477187e-001
1.943012e+003,3.474216e-001
1.943976e+003,3.510427e-001
1.944941e+003,3.556558e-001
1.945905e+003,3.589337e-001
1.946869e+003,3.621390e-001
1.947833e+003,3.653310e-001
1.948798e+003,3.682918e-001
1.949762e+003,3.711706e-001
1.950726e+003,3.741373e-001
1.951691e+003,3.772281e-001
1.952655e+003,3.809252e-001
1.953619e+003,3.846815e-001
1.954583e+003,3.885578e-001
1.955548e+003,3.927966e-001
1.956512e+003,3.985774e-001
1.957476e+003,4.059530e-001
1.958441e+003,4.105881e-001
1.959405e+003,4.123347e-001
1.960369e+003,4.167098e-001
1.961333e+003,4.206490e-001
1.962298e+003,4.241805e-001
1.963262e+003,4.276324e-001
1.964226e+003,4.309450e-001
1.965190e+003,4.346083e-001
1.966155e+003,4.388200e-001
1.967119e+003,4.415521e-001
1.968083e+003,4.434581e-001
1.969047e+003,4.466710e-001
1.970012e+003,4.492948e-001
1.970976e+003,4.523640e-001
1.971940e+003,4.561662e-001
1.972905e+003,4.592855e-001
1.973869e+003,4.619304e-001
1.974833e+003,4.640609e-001
1.975797e+003,4.661852e-001
1.976762e+003,4.675643e-001
1.977726e+003,4.636962e-001
1.978690e+003,4.553057e-001
1.979655e+003,4.472337e-001
1.980619e+003,4.412688e-001
1.981583e+003,4.366163e-001
1.982547e+003,4.334925e-001
1.983512e+003,4.311484e-001
1.984476e+003,4.288397e-001
1.985440e+003,4.262449e-001
1.986404e+003,4.241583e-001
1.987369e+003,4.234536e-001
1.988333e+003,4.223922e-001
1.989297e+003,4.210513e-001
1.990262e+003,4.207814e-001
1.991226e+003,4.205728e-001
1.992190e+003,4.177968e-001
1.993154e+003,4.168151e-001
1.994119e+003,4.180349e-001
1.995083e+003,4.186249e-001
1.996047e+003,4.186338e-001
1.997011e+003,4.191030e-001
1.997976e+003,4.204763e-001
1.998940e+003,4.226120e-001
1.999904e+003,4.252065e-001
2.000869e+003,4.277700e-001
2.001833e+003,4.309853e-001
2.002797e+003,4.345387e-001
2.003761e+003,4.391539e-001
2.004726e+003,4.451085e-001
2.005690e+003,4.501965e-001
2.006654e+003,4.523068e-001
2.007619e+003,4.526023e-001
2.008583e+003,4.528467e-001
2.009547e+003,4.535760e-001
2.010511e+003,4.546275e-001
2.011476e+003,4.556704e-001
2.012440e+003,4.559112e-001
2.013404e+003,4.563403e-001
2.014368e+003,4.567745e-001
2.015333e+003,4.577679e-001
2.016297e+003,4.587854e-001
2.017261e+003,4.592898e-001
2.018225e+003,4.604446e-001
2.019190e+003,4.617874e-001
2.020154e+003,4.624369e-001
2.021118e+003,4.626805e-001
2.022083e+003,4.637141e-001
2.023047e+003,4.645352e-001
2.024011e+003,4.645427e-001
2.024975e+003,4.648553e-001
2.025940e+003,4.652992e-001
2.026904e+003,4.659445e-001
2.027868e+003,4.657093e-001
2.028833e+003,4.646074e-001
2.029797e+003,4.640126e-001
2.030761e+003,4.646469e-001
2.031725e+003,4.646034e-001
2.032690e+003,4.639100e-001
2.033654e+003,4.616617e-001
2.034618e+003,4.582011e-001
2.035582e+003,4.539189e-001
2.036547e+003,4.497200e-001
2.037511e+003,4.451261e-001
2.038475e+003,4.406018e-001
2.039440e+003,4.370582e-001
2.040404e+003,4.341195e-001
2.041368e+003,4.302468e-001
2.042332e+003,4.265741e-001
2.043297e+003,4.234770e-001
2.044261e+003,4.201398e-001
2.045225e+003,4.170931e-001
2.046189e+003,4.140857e-001
2.047154e+003,4.104672e-001
2.048118e+003,4.058391e-001
2.049082e+003,3.981685e-001
2.050047e+003,3.872463e-001
2.051011e+003,3.778850e-001
2.051975e+003,3.735961e-001
2.052939e+003,3.713828e-001
2.053904e+003,3.682377e-001
2.054868e+003,3.644786e-001
2.055832e+003,3.613281e-001
2.056796e+003,3.587120e-001
2.057761e+003,3.566243e-001
2.058725e+003,3.549282e-001
2.059689e+003,3.526722e-001
2.060654e+003,3.503321e-001
2.061618e+003,3.490508e-001
2.062582e+003,3.475384e-001
2.063546e+003,3.461214e-001
2.064511e+003,3.438724e-001
2.065475e+003,3.413539e-001
2.066439e+003,3.398695e-001
2.067404e+003,3.380228e-001
2.068368e+003,3.359531e-001
2.069332e+003,3.337696e-001
2.070296e+003,3.310922e-001
2.071260e+003,3.287870e-001
2.072225e+003,3.266634e-001
2.073189e+003,3.246109e-001
2.074153e+003,3.225335e-001
2.075118e+003,3.201240e-001
2.076082e+003,3.175136e-001
2.077046e+003,3.153199e-001
2.078010e+003,3.129910e-001
2.078975e+003,3.107739e-001
2.079939e+003,3.084074e-001
2.080903e+003,3.061378e-001
2.081868e+003,3.043895e-001
2.082832e+003,3.028879e-001
2.083796e+003,3.013745e-001
2.084760e+003,3.001996e-001
2.085725e+003,2.989044e-001
2.086689e+003,2.977133e-001
2.087653e+003,2.966276e-001
2.088617e+003,2.962266e-001
2.089582e+003,2.961109e-001
2.090546e+003,2.962327e-001
2.091510e+003,2.969675e-001
2.092475e+003,2.985033e-001
2.093439e+003,3.001477e-001
2.094403e+003,3.013755e-001
2.095367e+003,3.014629e-001
2.096332e+003,3.009456e-001
2.097296e+003,3.000713e-001
2.098260e+003,2.994724e-001
2.099225e+003,2.984276e-001
2.100189e+003,2.977636e-001
2.101153e+003,2.975470e-001
2.102117e+003,2.970048e-001
2.103082e+003,2.958191e-001
2.104046e+003,2.949297e-001
2.105010e+003,2.940630e-001
2.105974e+003,2.932801e-001
2.106939e+003,2.928649e-001
2.107903e+003,2.925699e-001
2.108867e+003,2.912193e-001
2.109832e+003,2.901191e-001
2.110796e+003,2.896041e-001
2.111760e+003,2.890393e-001
2.112724e+003,2.881670e-001
2.113689e+003,2.877122e-001
2.114653e+003,2.872299e-001
2.115617e+003,2.871618e-001
2.116582e+003,2.877458e-001
2.117546e+003,2.884273e-001
2.118510e+003,2.890760e-001
2.119474e+003,2.904887e-001
2.120438e+003,2.922547e-001
2.121403e+003,2.939094e-001
2.122367e+003,2.960184e-001
2.123331e+003,2.990673e-001
2.124296e+003,3.016882e-001
2.125260e+003,3.045828e-001
2.126224e+003,3.082947e-001
2.127188e+003,3.122942e-001
2.128153e+003,3.162915e-001
2.129117e+003,3.213278e-001
2.130081e+003,3.269638e-001
2.131046e+003,3.333622e-001
2.132010e+003,3.403099e-001
2.132974e+003,3.473797e-001
2.133938e+003,3.534489e-001
2.134903e+003,3.584912e-001
2.135867e+003,3.625630e-001
2.136831e+003,3.664899e-001
2.137795e+003,3.705745e-001
2.138760e+003,3.750077e-001
2.139724e+003,3.788972e-001
2.140688e+003,3.833737e-001
2.141653e+003,3.882089e-001
2.142617e+003,3.938280e-001
2.143581e+003,3.984570e-001
2.144545e+003,4.026493e-001
2.145510e+003,4.071990e-001
2.146474e+003,4.118357e-001
2.147438e+003,4.167315e-001
2.148403e+003,4.213482e-001
2.149367e+003,4.252544e-001
2.150331e+003,4.306633e-001
2.151295e+003,4.363702e-001
2.152260e+003,4.426823e-001
2.153224e+003,4.498058e-001
2.154188e+003,4.580117e-001
2.155152e+003,4.675024e-001
2.156117e+003,4.783888e-001
2.157081e+003,4.879196e-001
2.158045e+003,4.923865e-001
2.159010e+003,4.887049e-001
2.159974e+003,4.818459e-001
2.160938e+003,4.751305e-001
2.161902e+003,4.694752e-001
2.162867e+003,4.634844e-001
2.163831e+003,4.585081e-001
2.164795e+003,4.537091e-001
2.165760e+003,4.490115e-001
2.166724e+003,4.441369e-001
2.167688e+003,4.403086e-001
2.168652e+003,4.365838e-001
2.169616e+003,4.339262e-001
2.170581e+003,4.315534e-001
2.171545e+003,4.305836e-001
2.172509e+003,4.301966e-001
2.173474e+003,4.308984e-001
2.174438e+003,4.299566e-001
2.175402e+003,4.284539e-001
2.176366e+003,4.269082e-001
2.177331e+003,4.264586e-001
2.178295e+003,4.257083e-001
2.179259e+003,4.250027e-001
2.180224e+003,4.246503e-001
2.181188e+003,4.240855e-001
2.182152e+003,4.215797e-001
2.183116e+003,4.188476e-001
2.184081e+003,4.157477e-001
2.185045e+003,4.132583e-001
2.186009e+003,4.104262e-001
2.186973e+003,4.081322e-001
2.187938e+003,4.053173e-001
2.188902e+003,4.028853e-001
2.189866e+003,4.009007e-001
2.190831e+003,3.990456e-001
2.191795e+003,3.963125e-001
2.192759e+003,3.944282e-001
2.193723e+003,3.922962e-001
2.194688e+003,3.907758e-001
2.195652e+003,3.890070e-001
2.196616e+003,3.874280e-001
2.197581e+003,3.850729e-001
2.198545e+003,3.833824e-001
2.199509e+003,3.821888e-001
2.200473e+003,3.809832e-001
2.201438e+003,3.791246e-001
2.202402e+003,3.774489e-001
2.203366e+003,3.757385e-001
2.204330e+003,3.744345e-001
2.205295e+003,3.725251e-001
2.206259e+003,3.711775e-001
2.207223e+003,3.696092e-001
2.208188e+003,3.685076e-001
2.209152e+003,3.670346e-001
2.210116e+003,3.656939e-001
2.211080e+003,3.639420e-001
2.212045e+003,3.632399e-001
2.213009e+003,3.619649e-001
2.213973e+003,3.601351e-001
2.214938e+003,3.580021e-001
2.215902e+003,3.571944e-001
2.216866e+003,3.559805e-001
2.217830e+003,3.545358e-001
2.218794e+003,3.526049e-001
2.219759e+003,3.510533e-001
2.220723e+003,3.492863e-001
2.221687e+003,3.481008e-001
2.222652e+003,3.460335e-001
2.223616e+003,3.440935e-001
2.224580e+003,3.418161e-001
2.225544e+003,3.404721e-001
2.226509e+003,3.388495e-001
2.227473e+003,3.373934e-001
2.228437e+003,3.351339e-001
2.229402e+003,3.336860e-001
2.230366e+003,3.315188e-001
2.231330e+003,3.298934e-001
2.232294e+003,3.277400e-001
2.233259e+003,3.257662e-001
2.234223e+003,3.237717e-001
2.235187e+003,3.224165e-001
2.236151e+003,3.200512e-001
2.237116e+003,3.185238e-001
2.238080e+003,3.165467e-001
2.239044e+003,3.148258e-001
2.240009e+003,3.129514e-001
2.240973e+003,3.113146e-001
2.241937e+003,3.089354e-001
2.242901e+003,3.076749e-001
2.243866e+003,3.055305e-001
2.244830e+003,3.035256e-001
2.245794e+003,3.012698e-001
2.246759e+003,3.000889e-001
2.247723e+003,2.987126e-001
2.248687e+003,2.971616e-001
2.249651e+003,2.947091e-001
2.250615e+003,2.935983e-001
2.251580e+003,2.926602e-001
2.252544e+003,2.920628e-001
2.253508e+003,2.900516e-001
2.254473e+003,2.881208e-001
2.255437e+003,2.857054e-001
2.256401e+003,2.834973e-001
2.257365e+003,2.806185e-001
2.258330e+003,2.793334e-001
2.259294e+003,2.773882e-001
2.260258e+003,2.758525e-001
2.261222e+003,2.736105e-001
2.262187e+003,2.721121e-001
2.263151e+003,2.701908e-001
2.264115e+003,2.686513e-001
2.265080e+003,2.663633e-001
2.266044e+003,2.641189e-001
2.267008e+003,2.609432e-001
2.267972e+003,2.588069e-001
2.268937e+003,2.562737e-001
2.269901e+003,2.542644e-001
2.270865e+003,2.513438e-001
2.271830e+003,2.486790e-001
2.272794e+003,2.454766e-001
2.273758e+003,2.431918e-001
2.274722e+003,2.403288e-001
2.275687e+003,2.379360e-001
2.276651e+003,2.350079e-001
2.277615e+003,2.325007e-001
2.278579e+003,2.288006e-001
2.279544e+003,2.261364e-001
2.280508e+003,2.228317e-001
2.281472e+003,2.195331e-001
2.282437e+003,2.150234e-001
2.283401e+003,2.114781e-001
2.284365e+003,2.069983e-001
2.285329e+003,2.033899e-001
2.286294e+003,1.997322e-001
2.287258e+003,1.966942e-001
2.288222e+003,1.931830e-001
2.289187e+003,1.907957e-001
2.290151e+003,1.873935e-001
2.291115e+003,1.850464e-001
2.292079e+003,1.816868e-001
2.293043e+003,1.798407e-001
2.294008e+003,1.767047e-001
2.294972e+003,1.753091e-001
2.295936e+003,1.724578e-001
2.296901e+003,1.714376e-001
2.297865e+003,1.697626e-001
2.298829e+003,1.687182e-001
2.299793e+003,1.681775e-001
2.300758e+003,1.673883e-001
2.301722e+003,1.663560e-001
2.302686e+003,1.648995e-001
2.303651e+003,1.630408e-001
2.304615e+003,1.617098e-001
2.305579e+003,1.587125e-001
2.306543e+003,1.579159e-001
2.307508e+003,1.527161e-001
2.308472e+003,1.521076e-001
2.309436e+003,1.461300e-001
2.310400e+003,1.460010e-001
2.311365e+003,1.390924e-001
2.312329e+003,1.392975e-001
2.313293e+003,1.323198e-001
2.314258e+003,1.320993e-001
2.315222e+003,1.253914e-001
2.316186e+003,1.241958e-001
2.317150e+003,1.185274e-001
2.318115e+003,1.172144e-001
2.319079e+003,1.118837e-001
2.320043e+003,1.094773e-001
2.321008e+003,1.044143e-001
2.321972e+003,1.007254e-001
2.322936e+003,9.587051e-002
2.323900e+003,9.141695e-002
2.324865e+003,9.053330e-002
2.325829e+003,9.094532e-002
2.326793e+003,9.393767e-002
2.327757e+003,9.637745e-002
2.328722e+003,1.010018e-001
2.329686e+003,1.045852e-001
2.330650e+003,1.096412e-001
2.331615e+003,1.128889e-001
2.332579e+003,1.182467e-001
2.333543e+003,1.220785e-001
2.334507e+003,1.280822e-001
2.335472e+003,1.324604e-001
2.336436e+003,1.381806e-001
2.337400e+003,1.431945e-001
2.338365e+003,1.514240e-001
2.339329e+003,1.573912e-001
2.340293e+003,1.658426e-001
2.341257e+003,1.732509e-001
2.342221e+003,1.838792e-001
2.343186e+003,1.939219e-001
2.344150e+003,2.056859e-001
2.345114e+003,2.165294e-001
2.346079e+003,2.300008e-001
2.347043e+003,2.422870e-001
2.348007e+003,2.584141e-001
2.348971e+003,2.783134e-001
2.349936e+003,3.007209e-001
2.350900e+003,3.186477e-001
2.351864e+003,3.380338e-001
2.352829e+003,3.573248e-001
2.353793e+003,3.786557e-001
2.354757e+003,3.971469e-001
2.355721e+003,4.198728e-001
2.356686e+003,4.408112e-001
2.357650e+003,4.662929e-001
2.358614e+003,4.888447e-001
2.359578e+003,5.145239e-001
2.360543e+003,5.392196e-001
2.361507e+003,5.691463e-001
2.362471e+003,5.988964e-001
2.363436e+003,6.363359e-001
2.364400e+003,6.707385e-001
2.365364e+003,7.142302e-001
2.366328e+003,7.556449e-001
2.367293e+003,8.019564e-001
2.368257e+003,8.468819e-001
2.369221e+003,8.931995e-001
2.370186e+003,9.258369e-001
2.371150e+003,9.609978e-001
2.372114e+003,9.843043e-001
2.373078e+003,1.000000e+000
2.374042e+003,9.938790e-001
2.375007e+003,9.863940e-001
2.375971e+003,9.688700e-001
2.376935e+003,9.507509e-001
2.377900e+003,9.242558e-001
2.378864e+003,9.012639e-001
2.379828e+003,8.755988e-001
2.380792e+003,8.504766e-001
2.381757e+003,8.218088e-001
2.382721e+003,7.978055e-001
2.383685e+003,7.711766e-001
2.384650e+003,7.494079e-001
2.385614e+003,7.280381e-001
2.386578e+003,7.085981e-001
2.387542e+003,6.863522e-001
2.388507e+003,6.654012e-001
2.389471e+003,6.434510e-001
2.390435e+003,6.246652e-001
2.391399e+003,6.062899e-001
2.392364e+003,5.892701e-001
2.393328e+003,5.710093e-001
2.394292e+003,5.528625e-001
2.395257e+003,5.321190e-001
2.396221e+003,5.102413e-001
2.397185e+003,4.865901e-001
2.398149e+003,4.644127e-001
2.399114e+003,4.407285e-001
2.400078e+003,4.182029e-001
2.401042e+003,3.962483e-001
2.402007e+003,3.754196e-001
2.402971e+003,3.551129e-001
2.403935e+003,3.360466e-001
2.404899e+003,3.169589e-001
2.405864e+003,2.995263e-001
2.406828e+003,2.828640e-001
2.407792e+003,2.674960e-001
2.408756e+003,2.522564e-001
2.409721e+003,2.381715e-001
2.410685e+003,2.250225e-001
2.411649e+003,2.139638e-001
2.412614e+003,2.042634e-001
2.413578e+003,1.968208e-001
2.414542e+003,1.900616e-001
2.415506e+003,1.847946e-001
2.416471e+003,1.806479e-001
2.417435e+003,1.775564e-001
2.418399e+003,1.744853e-001
2.419364e+003,1.726373e-001
2.420328e+003,1.708093e-001
2.421292e+003,1.696160e-001
2.422256e+003,1.688164e-001
2.423220e+003,1.685924e-001
2.424185e+003,1.681166e-001
2.425149e+003,1.681406e-001
2.426113e+003,1.679937e-001
2.427078e+003,1.682330e-001
2.428042e+003,1.679924e-001
2.429006e+003,1.680911e-001
2.429970e+003,1.681347e-001
2.430935e+003,1.682980e-001
2.431899e+003,1.680203e-001
2.432863e+003,1.681920e-001
2.433828e+003,1.681548e-001
2.434792e+003,1.683015e-001
2.435756e+003,1.680887e-001
2.436720e+003,1.683431e-001
2.437685e+003,1.680803e-001
2.438649e+003,1.681125e-001
2.439613e+003,1.680657e-001
2.440577e+003,1.684801e-001
2.441542e+003,1.685717e-001
2.442506e+003,1.685044e-001
2.443470e+003,1.683427e-001
2.444435e+003,1.686357e-001
2.445399e+003,1.684469e-001
2.446363e+003,1.685032e-001
2.447327e+003,1.681722e-001
2.448292e+003,1.679068e-001
2.449256e+003,1.675307e-001
2.450220e+003,1.675059e-001
2.451185e+003,1.672349e-001
2.452149e+003,1.670522e-001
2.453113e+003,1.663646e-001
2.454077e+003,1.660856e-001
2.455042e+003,1.655808e-001
2.456006e+003,1.650574e-001
2.456970e+003,1.645721e-001
2.457934e+003,1.648012e-001
2.458899e+003,1.647968e-001
2.459863e+003,1.649547e-001
2.460827e+003,1.649564e-001
2.461792e+003,1.649140e-001
2.462756e+003,1.649790e-001
2.463720e+003,1.653601e-001
2.464684e+003,1.652746e-001
2.465649e+003,1.654074e-001
2.466613e+003,1.651704e-001
2.467577e+003,1.652962e-001
2.468542e+003,1.655562e-001
2.469506e+003,1.659778e-001
2.470470e+003,1.661772e-001
2.471434e+003,1.663129e-001
2.472398e+003,1.662568e-001
2.473363e+003,1.667257e-001
2.474327e+003,1.668404e-001
2.475291e+003,1.668526e-001
2.476256e+003,1.668749e-001
2.477220e+003,1.672994e-001
2.478184e+003,1.672806e-001
2.479148e+003,1.674350e-001
2.480113e+003,1.672303e-001
2.481077e+003,1.671731e-001
2.482041e+003,1.675735e-001
2.483006e+003,1.681594e-001
2.483970e+003,1.679567e-001
2.484934e+003,1.682712e-001
2.485898e+003,1.684544e-001
2.486863e+003,1.685191e-001
2.487827e+003,1.682883e-001
2.488791e+003,1.684608e-001
2.489755e+003,1.684218e-001
2.490720e+003,1.687323e-001
2.491684e+003,1.687404e-001
2.492648e+003,1.687337e-001
2.493613e+003,1.687200e-001
2.494577e+003,1.691290e-001
2.495541e+003,1.691091e-001
2.496505e+003,1.689055e-001
2.497470e+003,1.687512e-001
2.498434e+003,1.690075e-001
2.499398e+003,1.685962e-001
2.500363e+003,1.688143e-001
2.501327e+003,1.693591e-001
2.502291e+003,1.698601e-001
2.503255e+003,1.698734e-001
2.504219e+003,1.696679e-001
2.505184e+003,1.697910e-001
2.506148e+003,1.706022e-001
2.507112e+003,1.705940e-001
2.508077e+003,1.701325e-001
2.509041e+003,1.698165e-001
2.510005e+003,1.700383e-001
2.510969e+003,1.697397e-001
2.511934e+003,1.694655e-001
2.512898e+003,1.697750e-001
2.513862e+003,1.702439e-001
2.514827e+003,1.703194e-001
2.515791e+003,1.705626e-001
2.516755e+003,1.705332e-001
2.517719e+003,1.705782e-001
2.518684e+003,1.704987e-001
2.519648e+003,1.707218e-001
2.520612e+003,1.704035e-001
2.521576e+003,1.703639e-001
2.522541e+003,1.703028e-001
2.523505e+003,1.700645e-001
2.524469e+003,1.697690e-001
2.525434e+003,1.698989e-001
2.526398e+003,1.699318e-001
2.527362e+003,1.699831e-001
2.528326e+003,1.698906e-001
2.529291e+003,1.696700e-001
2.530255e+003,1.693086e-001
2.531219e+003,1.693416e-001
2.532184e+003,1.692188e-001
2.533148e+003,1.692395e-001
2.534112e+003,1.691500e-001
2.535076e+003,1.690398e-001
2.536041e+003,1.685718e-001
2.537005e+003,1.682064e-001
2.537969e+003,1.679579e-001
2.538933e+003,1.679675e-001
2.539898e+003,1.674461e-001
2.540862e+003,1.670258e-001
2.541826e+003,1.668100e-001
2.542791e+003,1.668299e-001
2.543755e+003,1.662508e-001
2.544719e+003,1.658933e-001
2.545683e+003,1.653774e-001
2.546648e+003,1.649889e-001
2.547612e+003,1.648519e-001
2.548576e+003,1.648351e-001
2.549541e+003,1.643328e-001
2.550505e+003,1.640022e-001
2.551469e+003,1.637557e-001
2.552433e+003,1.637350e-001
2.553397e+003,1.632249e-001
2.554362e+003,1.626672e-001
2.555326e+003,1.621471e-001
2.556290e+003,1.618391e-001
2.557255e+003,1.613173e-001
2.558219e+003,1.609266e-001
2.559183e+003,1.605639e-001
2.560147e+003,1.602129e-001
2.561112e+003,1.593611e-001
2.562076e+003,1.587758e-001
2.563040e+003,1.583831e-001
2.564005e+003,1.578894e-001
2.564969e+003,1.571137e-001
2.565933e+003,1.562097e-001
2.566897e+003,1.552058e-001
2.567862e+003,1.545186e-001
2.568826e+003,1.539868e-001
2.569790e+003,1.538807e-001
2.570754e+003,1.535744e-001
2.571719e+003,1.531265e-001
2.572683e+003,1.522713e-001
2.573647e+003,1.510466e-001
2.574612e+003,1.498995e-001
2.575576e+003,1.494287e-001
2.576540e+003,1.487824e-001
2.577504e+003,1.479615e-001
2.578469e+003,1.470565e-001
2.579433e+003,1.460728e-001
2.580397e+003,1.453505e-001
2.581362e+003,1.448399e-001
2.582326e+003,1.437986e-001
2.583290e+003,1.430362e-001
2.584254e+003,1.420017e-001
2.585219e+003,1.409172e-001
2.586183e+003,1.399593e-001
2.587147e+003,1.390441e-001
2.588111e+003,1.380239e-001
2.589076e+003,1.371072e-001
2.590040e+003,1.360644e-001
2.591004e+003,1.349511e-001
2.591969e+003,1.336319e-001
2.592933e+003,1.325936e-001
2.593897e+003,1.314083e-001
2.594861e+003,1.301969e-001
2.595826e+003,1.290463e-001
2.596790e+003,1.282988e-001
2.597754e+003,1.273615e-001
2.598719e+003,1.263691e-001
2.599683e+003,1.249162e-001
2.600647e+003,1.231146e-001
2.601611e+003,1.216589e-001
2.602575e+003,1.206163e-001
2.603540e+003,1.195062e-001
2.604504e+003,1.182863e-001
2.605468e+003,1.168002e-001
2.606433e+003,1.155419e-001
2.607397e+003,1.143807e-001
2.608361e+003,1.130143e-001
2.609325e+003,1.112529e-001
2.610290e+003,1.098714e-001
2.611254e+003,1.083471e-001
2.612218e+003,1.068714e-001
2.613183e+003,1.053486e-001
2.614147e+003,1.037912e-001
2.615111e+003,1.022379e-001
2.616075e+003,1.007495e-001
2.617040e+003,9.910770e-002
2.618004e+003,9.777320e-002
2.618968e+003,9.625261e-002
2.619932e+003,9.466591e-002
2.620897e+003,9.289905e-002
2.621861e+003,9.136482e-002
2.622825e+003,8.985951e-002
2.623790e+003,8.821243e-002
2.624754e+003,8.631842e-002
2.625718e+003,8.464483e-002
2.626682e+003,8.275171e-002
2.627647e+003,8.083768e-002
2.628611e+003,7.891826e-002
2.629575e+003,7.711236e-002
2.630540e+003,7.544735e-002
2.631504e+003,7.377662e-002
2.632468e+003,7.197786e-002
2.633432e+003,7.042779e-002
2.634396e+003,6.856085e-002
2.635361e+003,6.650152e-002
2.636325e+003,6.447399e-002
2.637289e+003,6.265093e-002
2.638254e+003,6.059612e-002
2.639218e+003,5.874468e-002
2.640182e+003,5.683186e-002
2.641146e+003,5.515618e-002
2.642111e+003,5.335259e-002
2.643075e+003,5.158231e-002
2.644039e+003,4.982271e-002
2.645004e+003,4.771467e-002
2.645968e+003,4.545913e-002
2.646932e+003,4.393832e-002
2.647896e+003,4.228431e-002
2.648861e+003,4.056980e-002
2.649825e+003,3.890963e-002
2.650789e+003,3.727575e-002
2.651753e+003,3.562140e-002
2.652718e+003,3.394606e-002
2.653682e+003,3.244614e-002
2.654646e+003,3.097636e-002
2.655611e+003,2.932631e-002
2.656575e+003,2.807705e-002
2.657539e+003,2.671814e-002
2.658503e+003,2.544436e-002
2.659468e+003,2.402595e-002
2.660432e+003,2.284027e-002
2.661396e+003,2.219244e-002
2.662361e+003,2.157639e-002
2.663325e+003,2.097343e-002
2.664289e+003,2.073541e-002
2.665253e+003,2.047540e-002
2.666218e+003,2.022463e-002
2.667182e+003,1.993569e-002
2.668146e+003,1.992909e-002
2.669110e+003,1.978357e-002
2.670075e+003,1.951014e-002
2.671039e+003,1.925552e-002
2.672003e+003,1.927058e-002
2.672968e+003,1.944898e-002
2.673932e+003,1.972792e-002
2.674896e+003,1.976806e-002
2.675860e+003,1.966291e-002
2.676825e+003,1.941115e-002
2.677789e+003,1.937639e-002
2.678753e+003,1.940323e-002
2.679718e+003,1.948341e-002
2.680682e+003,1.953918e-002
2.681646e+003,1.959197e-002
2.682610e+003,1.956601e-002
2.683574e+003,1.970779e-002
2.684539e+003,1.963058e-002
2.685503e+003,1.966291e-002
2.686467e+003,1.953676e-002
2.687432e+003,1.946130e-002
2.688396e+003,1.962178e-002
2.689360e+003,1.956678e-002
2.690324e+003,1.931227e-002
2.691289e+003,1.963938e-002
2.692253e+003,1.980832e-002
2.693217e+003,1.991644e-002
2.694182e+003,1.985671e-002
2.695146e+003,1.973485e-002
2.696110e+003,1.991149e-002
2.697074e+003,2.005139e-002
2.698039e+003,1.985495e-002
2.699003e+003,1.979732e-002
2.699967e+003,1.987728e-002
2.700931e+003,2.030195e-002
2.701896e+003,2.051236e-002
2.702860e+003,2.056449e-002
2.703824e+003,2.059122e-002
2.704789e+003,2.048277e-002
2.705753e+003,2.017502e-002
2.706717e+003,2.043899e-002
2.707681e+003,2.094868e-002
2.708646e+003,2.109233e-002
2.709610e+003,2.105361e-002
2.710574e+003,2.121023e-002
2.711539e+003,2.112675e-002
2.712503e+003,2.100885e-002
2.713467e+003,2.118351e-002
2.714431e+003,2.155714e-002
2.715396e+003,2.169914e-002
2.716360e+003,2.200864e-002
2.717324e+003,2.209114e-002
2.718288e+003,2.208278e-002
2.719253e+003,2.209861e-002
2.720217e+003,2.242660e-002
2.721181e+003,2.287217e-002
2.722146e+003,2.285160e-002
2.723110e+003,2.264625e-002
2.724074e+003,2.282212e-002
2.725038e+003,2.285886e-002
2.726003e+003,2.293332e-002
2.726967e+003,2.312272e-002
2.727931e+003,2.322963e-002
2.728896e+003,2.324932e-002
2.729860e+003,2.347446e-002
2.730824e+003,2.332279e-002
2.731788e+003,2.318343e-002
2.732752e+003,2.320587e-002
2.733717e+003,2.330134e-002
2.734681e+003,2.346973e-002
2.735645e+003,2.359666e-002
2.736610e+003,2.375043e-002
2.737574e+003,2.416420e-002
2.738538e+003,2.434470e-002
2.739502e+003,2.427859e-002
2.740467e+003,2.413242e-002
2.741431e+003,2.432083e-002
2.742395e+003,2.443038e-002
2.743360e+003,2.459976e-002
2.744324e+003,2.459756e-002
2.745288e+003,2.465805e-002
2.746252e+003,2.475528e-002
2.747217e+003,2.481919e-002
2.748181e+003,2.458029e-002
2.749145e+003,2.465343e-002
2.750109e+003,2.521438e-002
2.751074e+003,2.574793e-002
2.752038e+003,2.579336e-002
2.753002e+003,2.587882e-002
2.753967e+003,2.592061e-002
2.754931e+003,2.594965e-002
2.755895e+003,2.615731e-002
2.756859e+003,2.647276e-002
2.757824e+003,2.668273e-002
2.758788e+003,2.684166e-002
2.759752e+003,2.692525e-002
2.760717e+003,2.699542e-002
2.761681e+003,2.713071e-002
2.762645e+003,2.733419e-002
2.763609e+003,2.717856e-002
2.764573e+003,2.726545e-002
2.765538e+003,2.726391e-002
2.766502e+003,2.739886e-002
2.767466e+003,2.768648e-002
2.768431e+003,2.804659e-002
2.769395e+003,2.816065e-002
2.770359e+003,2.831364e-002
2.771323e+003,2.845795e-002
2.772288e+003,2.854099e-002
2.773252e+003,2.885512e-002
2.774216e+003,2.925240e-002
2.775181e+003,2.914922e-002
2.776145e+003,2.935820e-002
2.777109e+003,2.965572e-002
2.778073e+003,2.999548e-002
2.779038e+003,3.029751e-002
2.780002e+003,3.039067e-002
2.780966e+003,3.043895e-002
2.781930e+003,3.074208e-002
2.782895e+003,3.116246e-002
2.783859e+003,3.153708e-002
2.784823e+003,3.172703e-002
2.785788e+003,3.187904e-002
2.786752e+003,3.179841e-002
2.787716e+003,3.202323e-002
2.788680e+003,3.229072e-002
2.789645e+003,3.246033e-002
2.790609e+003,3.261816e-002
2.791573e+003,3.297001e-002
2.792538e+003,3.295726e-002
2.793502e+003,3.301808e-002
2.794466e+003,3.333430e-002
2.795430e+003,3.373466e-002
2.796395e+003,3.399478e-002
2.797359e+003,3.412413e-002
2.798323e+003,3.421278e-002
2.799287e+003,3.452482e-002
2.800252e+003,3.483510e-002
2.801216e+003,3.515648e-002
2.802180e+003,3.518970e-002
2.803145e+003,3.539076e-002
2.804109e+003,3.566507e-002
2.805073e+003,3.594928e-002
2.806037e+003,3.636614e-002
2.807002e+003,3.674340e-002
2.807966e+003,3.684327e-002
2.808930e+003,3.731204e-002
2.809895e+003,3.794415e-002
2.810859e+003,3.826091e-002
2.811823e+003,3.847517e-002
2.812787e+003,3.916282e-002
2.813751e+003,3.939589e-002
2.814716e+003,3.938863e-002
2.815680e+003,3.960465e-002
2.816644e+003,4.024984e-002
2.817609e+003,4.085412e-002
2.818573e+003,4.128550e-002
2.819537e+003,4.190044e-002
2.820501e+003,4.255158e-002
2.821466e+003,4.281005e-002
2.822430e+003,4.332513e-002
2.823394e+003,4.386748e-002
2.824359e+003,4.444030e-002
2.825323e+003,4.504634e-002
2.826287e+003,4.555977e-002
2.827251e+003,4.587830e-002
2.828216e+003,4.642648e-002
2.829180e+003,4.726383e-002
2.830144e+003,4.829783e-002
2.831108e+003,4.929917e-002
2.832073e+003,5.024936e-002
2.833037e+003,5.055051e-002
2.834001e+003,5.103732e-002
2.834966e+003,5.190887e-002
2.835930e+003,5.291263e-002
2.836894e+003,5.398491e-002
2.837858e+003,5.527805e-002
2.838823e+003,5.632096e-002
2.839787e+003,5.743526e-002
2.840751e+003,5.887710e-002
2.841716e+003,6.027968e-002
2.842680e+003,6.176046e-002
2.843644e+003,6.318426e-002
2.844608e+003,6.452458e-002
2.845573e+003,6.615924e-002
2.846537e+003,6.778036e-002
2.847501e+003,6.945131e-002
2.848465e+003,7.090932e-002
2.849430e+003,7.243894e-002
2.850394e+003,7.347097e-002
2.851358e+003,7.400507e-002
2.852323e+003,7.454995e-002
2.853287e+003,7.509176e-002
2.854251e+003,7.535980e-002
2.855215e+003,7.534924e-002
2.856180e+003,7.541534e-002
2.857144e+003,7.583539e-002
2.858108e+003,7.591986e-002
2.859073e+003,7.589094e-002
2.860037e+003,7.606879e-002
2.861001e+003,7.651248e-002
2.861965e+003,7.696883e-002
2.862929e+003,7.746994e-002
2.863894e+003,7.810292e-002
2.864858e+003,7.906312e-002
2.865822e+003,7.983843e-002
2.866787e+003,8.015564e-002
2.867751e+003,8.040366e-002
2.868715e+003,8.102356e-002
2.869679e+003,8.139247e-002
2.870644e+003,8.117810e-002
2.871608e+003,8.069833e-002
2.872572e+003,8.051607e-002
2.873537e+003,8.037902e-002
2.874501e+003,8.002860e-002
2.875465e+003,7.972965e-002
2.876429e+003,7.941542e-002
2.877394e+003,7.926077e-002
2.878358e+003,7.910249e-002
2.879322e+003,7.892288e-002
2.880286e+003,7.889979e-002
2.881251e+003,7.879365e-002
2.882215e+003,7.898668e-002
2.883179e+003,7.940497e-002
2.884144e+003,7.982952e-002
2.885108e+003,7.978157e-002
2.886072e+003,8.006479e-002
2.887036e+003,8.101212e-002
2.888001e+003,8.215062e-002
2.888965e+003,8.221837e-002
2.889929e+003,8.226676e-002
2.890894e+003,8.305021e-002
2.891858e+003,8.387425e-002
2.892822e+003,8.437789e-002
2.893786e+003,8.484864e-002
2.894750e+003,8.558787e-002
2.895715e+003,8.637188e-002
2.896679e+003,8.663255e-002
2.897643e+003,8.711408e-002
2.898608e+003,8.814193e-002
2.899572e+003,8.891625e-002
2.900536e+003,8.921629e-002
2.901500e+003,9.008542e-002
2.902465e+003,9.118047e-002
2.903429e+003,9.188693e-002
2.904393e+003,9.261187e-002
2.905358e+003,9.383737e-002
2.906322e+003,9.487412e-002
2.907286e+003,9.562095e-002
2.908250e+003,9.612887e-002
2.909215e+003,9.714880e-002
2.910179e+003,9.866400e-002
2.911143e+003,9.972836e-002
2.912107e+003,1.008075e-001
2.913072e+003,1.021459e-001
2.914036e+003,1.031301e-001
2.915000e+003,1.041560e-001
2.915965e+003,1.054346e-001
2.916929e+003,1.064624e-001
2.917893e+003,1.070167e-001
2.918857e+003,1.074583e-001
2.919822e+003,1.082089e-001
2.920786e+003,1.091369e-001
2.921750e+003,1.099382e-001
2.922715e+003,1.106127e-001
2.923679e+003,1.108003e-001
2.924643e+003,1.105209e-001
2.925607e+003,1.105570e-001
2.926572e+003,1.110579e-001
2.927536e+003,1.112852e-001
2.928500e+003,1.113456e-001
2.929464e+003,1.111332e-001
2.930429e+003,1.109233e-001
2.931393e+003,1.104446e-001
2.932357e+003,1.100389e-001
2.933322e+003,1.096327e-001
2.934286e+003,1.092131e-001
2.935250e+003,1.086296e-001
2.936214e+003,1.086244e-001
2.937179e+003,1.089731e-001
2.938143e+003,1.088105e-001
2.939107e+003,1.084034e-001
2.940072e+003,1.078461e-001
2.941036e+003,1.074021e-001
2.942000e+003,1.076791e-001
2.942964e+003,1.078877e-001
2.943928e+003,1.075865e-001
2.944893e+003,1.075160e-001
2.945857e+003,1.079592e-001
2.946821e+003,1.083911e-001
2.947786e+003,1.086492e-001
2.948750e+003,1.086566e-001
2.949714e+003,1.088763e-001
2.950678e+003,1.095010e-001
2.951643e+003,1.101672e-001
2.952607e+003,1.104911e-001
2.953571e+003,1.106314e-001
2.954536e+003,1.105045e-001
2.955500e+003,1.106794e-001
2.956464e+003,1.104514e-001
2.957428e+003,1.102342e-001
2.958393e+003,1.105399e-001
2.959357e+003,1.106498e-001
2.960321e+003,1.101420e-001
2.961285e+003,1.094999e-001
2.962250e+003,1.089266e-001
2.963214e+003,1.085323e-001
2.964178e+003,1.081350e-001
2.965143e+003,1.077738e-001
2.966107e+003,1.068825e-001
2.967071e+003,1.061353e-001
2.968035e+003,1.048282e-001
2.969000e+003,1.034889e-001
2.969964e+003,1.025890e-001
2.970928e+003,1.019069e-001
2.971893e+003,1.011562e-001
2.972857e+003,1.001064e-001
2.973821e+003,9.885384e-002
2.974785e+003,9.809008e-002
2.975750e+003,9.713273e-002
2.976714e+003,9.602933e-002
2.977678e+003,9.528580e-002
2.978642e+003,9.461576e-002
2.979607e+003,9.376213e-002
2.980571e+003,9.300981e-002
2.981535e+003,9.232282e-002
2.982500e+003,9.150780e-002
2.983464e+003,9.064472e-002
2.984428e+003,8.997203e-002
2.985392e+003,8.901436e-002
2.986357e+003,8.830900e-002
2.987321e+003,8.745328e-002
2.988285e+003,8.682998e-002
2.989250e+003,8.642929e-002
2.990214e+003,8.579455e-002
2.991178e+003,8.506818e-002
2.992142e+003,8.472017e-002
2.993106e+003,8.448733e-002
2.994071e+003,8.382882e-002
2.995035e+003,8.323246e-002
2.995999e+003,8.282199e-002
2.996964e+003,8.215777e-002
2.997928e+003,8.175983e-002
2.998892e+003,8.163246e-002
2.999856e+003,8.140731e-002
3.000821e+003,8.104699e-002
3.001785e+003,8.112827e-002
3.002749e+003,8.120284e-002
3.003714e+003,8.078115e-002
3.004678e+003,8.044711e-002
3.005642e+003,8.034020e-002
3.006606e+003,7.996690e-002
3.007571e+003,7.970645e-002
3.008535e+003,7.946095e-002
3.009499e+003,7.934887e-002
3.010463e+003,7.946194e-002
3.011428e+003,8.007590e-002
3.012392e+003,7.953409e-002
3.013356e+003,7.895105e-002
3.014321e+003,7.952210e-002
3.015285e+003,7.970919e-002
3.016249e+003,7.904695e-002
3.017213e+003,7.923778e-002
3.018178e+003,7.946018e-002
3.019142e+003,7.950484e-002
3.020106e+003,7.968786e-002
3.021071e+003,8.016323e-002
3.022035e+003,8.043930e-002
3.022999e+003,8.017851e-002
3.023963e+003,7.992698e-002
3.024927e+003,8.010042e-002
3.025892e+003,8.033404e-002
3.026856e+003,8.018523e-002
3.027820e+003,8.014035e-002
3.028785e+003,8.047417e-002
3.029749e+003,8.067138e-002
3.030713e+003,8.035945e-002
3.031677e+003,7.970007e-002
3.032642e+003,7.984767e-002
3.033606e+003,8.045239e-002
3.034570e+003,8.013221e-002
3.035535e+003,7.995568e-002
3.036499e+003,8.020437e-002
3.037463e+003,8.040521e-002
3.038427e+003,8.062375e-002
3.039392e+003,8.057712e-002
3.040356e+003,8.069646e-002
3.041320e+003,8.067897e-002
3.042284e+003,8.072142e-002
3.043249e+003,8.091369e-002
3.044213e+003,8.139070e-002
3.045177e+003,8.190633e-002
3.046142e+003,8.194417e-002
3.047106e+003,8.176906e-002
3.048070e+003,8.174530e-002
3.049034e+003,8.182890e-002
3.049999e+003,8.215512e-002
3.050963e+003,8.228976e-002
3.051927e+003,8.238445e-002
3.052891e+003,8.253711e-002
3.053856e+003,8.264612e-002
3.054820e+003,8.301271e-002
3.055784e+003,8.363701e-002
3.056749e+003,8.346080e-002
3.057713e+003,8.328812e-002
3.058677e+003,8.364316e-002
3.059641e+003,8.395443e-002
3.060606e+003,8.397181e-002
3.061570e+003,8.403670e-002
3.062534e+003,8.391066e-002
3.063499e+003,8.416561e-002
3.064463e+003,8.415769e-002
3.065427e+003,8.429441e-002
3.066391e+003,8.462217e-002
3.067355e+003,8.467475e-002
3.068320e+003,8.501560e-002
3.069284e+003,8.540101e-002
3.070248e+003,8.522239e-002
3.071213e+003,8.502616e-002
3.072177e+003,8.534502e-002
3.073141e+003,8.589552e-002
3.074105e+003,8.629192e-002
3.075070e+003,8.616982e-002
3.076034e+003,8.600342e-002
3.076998e+003,8.649132e-002
3.077963e+003,8.696240e-002
3.078927e+003,8.715785e-002
3.079891e+003,8.695075e-002
3.080855e+003,8.734517e-002
3.081820e+003,8.767513e-002
3.082784e+003,8.765721e-002
3.083748e+003,8.785827e-002
3.084712e+003,8.819527e-002
3.085677e+003,8.828601e-002
3.086641e+003,8.840172e-002
3.087605e+003,8.875236e-002
3.088570e+003,8.917956e-002
3.089534e+003,8.898037e-002
3.090498e+003,8.890965e-002
3.091462e+003,8.913490e-002
3.092427e+003,8.943638e-002
3.093391e+003,8.958255e-002
3.094355e+003,8.970091e-002
3.095320e+003,8.953999e-002
3.096284e+003,8.954109e-002
3.097248e+003,9.006706e-002
3.098212e+003,9.072600e-002
3.099177e+003,9.095819e-002
3.100141e+003,9.094752e-002
3.101105e+003,9.160294e-002
3.102069e+003,9.301057e-002
3.103034e+003,9.422255e-002
3.103998e+003,9.577052e-002
3.104962e+003,9.991908e-002
3.105927e+003,1.062892e-001
3.106891e+003,1.090251e-001
3.107855e+003,1.052119e-001
3.108819e+003,1.004006e-001
3.109784e+003,9.781566e-002
3.110748e+003,9.716552e-002
3.111712e+003,9.677231e-002
3.112677e+003,9.572191e-002
3.113641e+003,9.512379e-002
3.114605e+003,9.516746e-002
3.115569e+003,9.491030e-002
3.116533e+003,9.431724e-002
3.117498e+003,9.438126e-002
3.118462e+003,9.438676e-002
3.119426e+003,9.421396e-002
3.120391e+003,9.468472e-002
3.121355e+003,9.509926e-002
3.122319e+003,9.439643e-002
3.123283e+003,9.384155e-002
3.124248e+003,9.426423e-002
3.125212e+003,9.466591e-002
3.126176e+003,9.454800e-002
3.127141e+003,9.426137e-002
3.128105e+003,9.471738e-002
3.129069e+003,9.559686e-002
3.130033e+003,9.608950e-002
3.130998e+003,9.629880e-002
3.131962e+003,9.654561e-002
3.132926e+003,9.666166e-002
3.133890e+003,9.696534e-002
3.134855e+003,9.764639e-002
3.135819e+003,9.846591e-002
3.136783e+003,9.923396e-002
3.137748e+003,9.931942e-002
3.138712e+003,9.918601e-002
3.139676e+003,9.930787e-002
3.140640e+003,1.000545e-001
3.141605e+003,1.009968e-001
3.142569e+003,1.017910e-001
3.143533e+003,1.023719e-001
3.144498e+003,1.024754e-001
3.145462e+003,1.020141e-001
3.146426e+003,1.014202e-001
3.147390e+003,1.012844e-001
3.148354e+003,1.014851e-001
3.149319e+003,1.012480e-001
3.150283e+003,1.013503e-001
3.151247e+003,1.013943e-001
3.152212e+003,1.018066e-001
3.153176e+003,1.022045e-001
3.154140e+003,1.023734e-001
3.155104e+003,1.030042e-001
3.156069e+003,1.037122e-001
3.157033e+003,1.037470e-001
3.157997e+003,1.037436e-001
3.158962e+003,1.039341e-001
3.159926e+003,1.040956e-001
3.160890e+003,1.039376e-001
3.161854e+003,1.040403e-001
3.162819e+003,1.050272e-001
3.163783e+003,1.054338e-001
3.164747e+003,1.052264e-001
3.165711e+003,1.054059e-001
3.166676e+003,1.056958e-001
3.167640e+003,1.057079e-001
3.168604e+003,1.058646e-001
3.169569e+003,1.058587e-001
3.170533e+003,1.057606e-001
3.171497e+003,1.060859e-001
3.172461e+003,1.065775e-001
3.173426e+003,1.068500e-001
3.174390e+003,1.071109e-001
3.175354e+003,1.077815e-001
3.176319e+003,1.087048e-001
3.177283e+003,1.096448e-001
3.178247e+003,1.097107e-001
3.179211e+003,1.099255e-001
3.180176e+003,1.102738e-001
3.181140e+003,1.103454e-001
3.182104e+003,1.101508e-001
3.183068e+003,1.102626e-001
3.184033e+003,1.108217e-001
3.184997e+003,1.113177e-001
3.185961e+003,1.120692e-001
3.186926e+003,1.124144e-001
3.187890e+003,1.122309e-001
3.188854e+003,1.124513e-001
3.189818e+003,1.127190e-001
3.190783e+003,1.126610e-001
3.191747e+003,1.122052e-001
3.192711e+003,1.116227e-001
3.193676e+003,1.116587e-001
3.194640e+003,1.123657e-001
3.195604e+003,1.127806e-001
3.196568e+003,1.128266e-001
3.197532e+003,1.127429e-001
3.198497e+003,1.126243e-001
3.199461e+003,1.128386e-001
3.200425e+003,1.128022e-001
3.201390e+003,1.130942e-001
3.202354e+003,1.129150e-001
3.203318e+003,1.127783e-001
3.204282e+003,1.132382e-001
3.205247e+003,1.136070e-001
3.206211e+003,1.135976e-001
3.207175e+003,1.130839e-001
3.208140e+003,1.130135e-001
3.209104e+003,1.135177e-001
3.210068e+003,1.132795e-001
3.211032e+003,1.127218e-001
3.211997e+003,1.128623e-001
3.212961e+003,1.136941e-001
3.213925e+003,1.137425e-001
3.214889e+003,1.138067e-001
3.215854e+003,1.138652e-001
3.216818e+003,1.138919e-001
3.217782e+003,1.148016e-001
3.218747e+003,1.150335e-001
3.219711e+003,1.143574e-001
3.220675e+003,1.142222e-001
3.221639e+003,1.141716e-001
3.222604e+003,1.141752e-001
3.223568e+003,1.145502e-001
3.224532e+003,1.152421e-001
3.225497e+003,1.158541e-001
3.226461e+003,1.164496e-001
3.227425e+003,1.166013e-001
3.228389e+003,1.165079e-001
3.229354e+003,1.172127e-001
3.230318e+003,1.175056e-001
3.231282e+003,1.173553e-001
3.232246e+003,1.175274e-001
3.233211e+003,1.180107e-001
3.234175e+003,1.187093e-001
3.235139e+003,1.193729e-001
3.236104e+003,1.202773e-001
3.237068e+003,1.204499e-001
3.238032e+003,1.201154e-001
3.238996e+003,1.199550e-001
3.239961e+003,1.198032e-001
3.240925e+003,1.200190e-001
3.241889e+003,1.200663e-001
3.242854e+003,1.201085e-001
3.243818e+003,1.204413e-001
3.244782e+003,1.204441e-001
3.245746e+003,1.203559e-001
3.246710e+003,1.204012e-001
3.247675e+003,1.205860e-001
3.248639e+003,1.209589e-001
3.249603e+003,1.210168e-001
3.250568e+003,1.212186e-001
3.251532e+003,1.212561e-001
3.252496e+003,1.214903e-001
3.253460e+003,1.220870e-001
3.254425e+003,1.224241e-001
3.255389e+003,1.230966e-001
3.256353e+003,1.244334e-001
3.257318e+003,1.246695e-001
3.258282e+003,1.237556e-001
3.259246e+003,1.238896e-001
3.260210e+003,1.245110e-001
3.261175e+003,1.245824e-001
3.262139e+003,1.243399e-001
3.263103e+003,1.241799e-001
3.264067e+003,1.237799e-001
3.265032e+003,1.236202e-001
3.265996e+003,1.238598e-001
3.266960e+003,1.238590e-001
3.267925e+003,1.241109e-001
3.268889e+003,1.252652e-001
3.269853e+003,1.272997e-001
3.270817e+003,1.295579e-001
3.271782e+003,1.302684e-001
3.272746e+003,1.286110e-001
3.273710e+003,1.265147e-001
3.274675e+003,1.260554e-001
3.275639e+003,1.261608e-001
3.276603e+003,1.253285e-001
3.277567e+003,1.245319e-001
3.278531e+003,1.243298e-001
3.279496e+003,1.250999e-001
3.280460e+003,1.253983e-001
3.281424e+003,1.248501e-001
3.282389e+003,1.244194e-001
3.283353e+003,1.239528e-001
3.284317e+003,1.233765e-001
3.285281e+003,1.232467e-001
3.286246e+003,1.231320e-001
3.287210e+003,1.228184e-001
3.288174e+003,1.223690e-001
3.289139e+003,1.220023e-001
3.290103e+003,1.216309e-001
3.291067e+003,1.214056e-001
3.292031e+003,1.216511e-001
3.292996e+003,1.214926e-001
3.293960e+003,1.212123e-001
3.294924e+003,1.211423e-001
3.295888e+003,1.208502e-001
3.296853e+003,1.204405e-001
3.297817e+003,1.201528e-001
3.298781e+003,1.204837e-001
3.299746e+003,1.207809e-001
3.300710e+003,1.207201e-001
3.301674e+003,1.201643e-001
3.302638e+003,1.199728e-001
3.303603e+003,1.201173e-001
3.304567e+003,1.203297e-001
3.305531e+003,1.205431e-001
3.306496e+003,1.208745e-001
3.307460e+003,1.209508e-001
3.308424e+003,1.202854e-001
3.309388e+003,1.199035e-001
3.310353e+003,1.197721e-001
3.311317e+003,1.195175e-001
3.312281e+003,1.197950e-001
3.313245e+003,1.197518e-001
3.314210e+003,1.195759e-001
3.315174e+003,1.192932e-001
3.316138e+003,1.192564e-001
3.317103e+003,1.194153e-001
3.318067e+003,1.186284e-001
3.319031e+003,1.179398e-001
3.319995e+003,1.183208e-001
3.320960e+003,1.184361e-001
3.321924e+003,1.182581e-001
3.322888e+003,1.183127e-001
3.323853e+003,1.185400e-001
3.324817e+003,1.187513e-001
3.325781e+003,1.190822e-001
3.326745e+003,1.186641e-001
3.327709e+003,1.178392e-001
3.328674e+003,1.180805e-001
3.329638e+003,1.184248e-001
3.330602e+003,1.183278e-001
3.331567e+003,1.185834e-001
3.332531e+003,1.184863e-001
3.333495e+003,1.183288e-001
3.334459e+003,1.186834e-001
3.335424e+003,1.186394e-001
3.336388e+003,1.177522e-001
3.337352e+003,1.170551e-001
3.338317e+003,1.175066e-001
3.339281e+003,1.180061e-001
3.340245e+003,1.174703e-001
3.341209e+003,1.170276e-001
3.342174e+003,1.172194e-001
3.343138e+003,1.175525e-001
3.344102e+003,1.175569e-001
3.345066e+003,1.175606e-001
3.346031e+003,1.174749e-001
3.346995e+003,1.170289e-001
3.347959e+003,1.171336e-001
3.348924e+003,1.178652e-001
3.349888e+003,1.175161e-001
3.350852e+003,1.168414e-001
3.351816e+003,1.166551e-001
3.352781e+003,1.165403e-001
3.353745e+003,1.163725e-001
3.354709e+003,1.163524e-001
3.355674e+003,1.161431e-001
3.356638e+003,1.161512e-001
3.357602e+003,1.158461e-001
3.358566e+003,1.154990e-001
3.359531e+003,1.155847e-001
3.360495e+003,1.155754e-001
3.361459e+003,1.154152e-001
3.362423e+003,1.152722e-001
3.363388e+003,1.155476e-001
3.364352e+003,1.155488e-001
3.365316e+003,1.149941e-001
3.366281e+003,1.144531e-001
3.367245e+003,1.141995e-001
3.368209e+003,1.142908e-001
3.369173e+003,1.142449e-001
3.370138e+003,1.140582e-001
3.371102e+003,1.140254e-001
3.372066e+003,1.141491e-001
3.373031e+003,1.140921e-001
3.373995e+003,1.140323e-001
3.374959e+003,1.139391e-001
3.375923e+003,1.141274e-001
3.376887e+003,1.145616e-001
3.377852e+003,1.145246e-001
3.378816e+003,1.141129e-001
3.379780e+003,1.138488e-001
3.380745e+003,1.136198e-001
3.381709e+003,1.136542e-001
3.382673e+003,1.132205e-001
3.383637e+003,1.130589e-001
3.384602e+003,1.135970e-001
3.385566e+003,1.136493e-001
3.386530e+003,1.131206e-001
3.387495e+003,1.130018e-001
3.388459e+003,1.129026e-001
3.389423e+003,1.125712e-001
3.390387e+003,1.126679e-001
3.391352e+003,1.133037e-001
3.392316e+003,1.133223e-001
3.393280e+003,1.124789e-001
3.394244e+003,1.129778e-001
3.395209e+003,1.133928e-001
3.396173e+003,1.131207e-001
3.397137e+003,1.122244e-001
3.398102e+003,1.119704e-001
3.399066e+003,1.124437e-001
3.400030e+003,1.127448e-001
3.400994e+003,1.127109e-001
3.401959e+003,1.120662e-001
3.402923e+003,1.119024e-001
3.403887e+003,1.121321e-001
3.404852e+003,1.120682e-001
3.405816e+003,1.120956e-001
3.406780e+003,1.122098e-001
3.407744e+003,1.120946e-001
3.408708e+003,1.119552e-001
3.409673e+003,1.119417e-001
3.410637e+003,1.119229e-001
3.411601e+003,1.119327e-001
3.412566e+003,1.120732e-001
3.413530e+003,1.119217e-001
3.414494e+003,1.118556e-001
3.415458e+003,1.121548e-001
3.416423e+003,1.120688e-001
3.417387e+003,1.117641e-001
3.418351e+003,1.120176e-001
3.419316e+003,1.126199e-001
3.420280e+003,1.118473e-001
3.421244e+003,1.108472e-001
3.422208e+003,1.110406e-001
3.423173e+003,1.111616e-001
3.424137e+003,1.113266e-001
3.425101e+003,1.113851e-001
3.426065e+003,1.112257e-001
3.427030e+003,1.111723e-001
3.427994e+003,1.112219e-001
3.428958e+003,1.113824e-001
3.429923e+003,1.115698e-001
3.430887e+003,1.115850e-001
3.431851e+003,1.114060e-001
3.432815e+003,1.115088e-001
3.433780e+003,1.116634e-001
3.434744e+003,1.112498e-001
3.435708e+003,1.108288e-001
3.436673e+003,1.104953e-001
3.437637e+003,1.105239e-001
3.438601e+003,1.108844e-001
3.439565e+003,1.112069e-001
3.440530e+003,1.115934e-001
3.441494e+003,1.114542e-001
3.442458e+003,1.105885e-001
3.443422e+003,1.103018e-001
3.444387e+003,1.106410e-001
3.445351e+003,1.110130e-001
3.446315e+003,1.114052e-001
3.447280e+003,1.088546e-001
3.448244e+003,1.082262e-001
3.449208e+003,1.095517e-001
3.450172e+003,1.098571e-001
3.451137e+003,1.096826e-001
3.452101e+003,1.094021e-001
3.453065e+003,1.096095e-001
3.454030e+003,1.098014e-001
3.454994e+003,1.097165e-001
3.455958e+003,1.091368e-001
3.456922e+003,1.088453e-001
3.457886e+003,1.090014e-001
3.458851e+003,1.095768e-001
3.459815e+003,1.098072e-001
3.460779e+003,1.098913e-001
3.461744e+003,1.097869e-001
3.462708e+003,1.088271e-001
3.463672e+003,1.085189e-001
3.464636e+003,1.090762e-001
3.465601e+003,1.095402e-001
3.466565e+003,1.092557e-001
3.467529e+003,1.083484e-001
3.468494e+003,1.083684e-001
3.469458e+003,1.082563e-001
3.470422e+003,1.080381e-001
3.471386e+003,1.081403e-001
3.472351e+003,1.081240e-001
3.473315e+003,1.081911e-001
3.474279e+003,1.079751e-001
3.475243e+003,1.068397e-001
3.476208e+003,1.069806e-001
3.477172e+003,1.078036e-001
3.478136e+003,1.078462e-001
3.479101e+003,1.083802e-001
3.480065e+003,1.084886e-001
3.481029e+003,1.077451e-001
3.481993e+003,1.065076e-001
3.482958e+003,1.054953e-001
3.483922e+003,1.063335e-001
3.484886e+003,1.067810e-001
3.485851e+003,1.071332e-001
3.486815e+003,1.077281e-001
3.487779e+003,1.070636e-001
3.488743e+003,1.058612e-001
3.489708e+003,1.064183e-001
3.490672e+003,1.064267e-001
3.491636e+003,1.057212e-001
3.492600e+003,1.054205e-001
3.493565e+003,1.058022e-001
3.494529e+003,1.060815e-001
3.495493e+003,1.062312e-001
3.496458e+003,1.058902e-001
3.497422e+003,1.056205e-001
3.498386e+003,1.060603e-001
3.499350e+003,1.061176e-001
3.500315e+003,1.057876e-001
3.501279e+003,1.062580e-001
3.502243e+003,1.069057e-001
3.503208e+003,1.050637e-001
3.504172e+003,1.033672e-001
3.505136e+003,1.040244e-001
3.506100e+003,1.044011e-001
3.507064e+003,1.043426e-001
3.508029e+003,1.050289e-001
3.508993e+003,1.044437e-001
3.509957e+003,1.024732e-001
3.510922e+003,1.037237e-001
3.511886e+003,1.047203e-001
3.512850e+003,1.044264e-001
3.513814e+003,1.036069e-001
3.514779e+003,1.035209e-001
3.515743e+003,1.031539e-001
3.516707e+003,1.028123e-001
3.517672e+003,1.025108e-001
3.518636e+003,1.022763e-001
3.519600e+003,1.015862e-001
3.520564e+003,1.019876e-001
3.521529e+003,1.032632e-001
3.522493e+003,1.033158e-001
3.523457e+003,1.013441e-001
3.524421e+003,1.019472e-001
3.525386e+003,1.026905e-001
3.526350e+003,1.030732e-001
3.527314e+003,1.016419e-001
3.528279e+003,1.010953e-001
3.529243e+003,1.001968e-001
3.530207e+003,1.006736e-001
3.531171e+003,1.003298e-001
3.532136e+003,1.003380e-001
3.533100e+003,1.005678e-001
3.534064e+003,1.004534e-001
3.535029e+003,1.013503e-001
3.535993e+003,1.002387e-001
3.536957e+003,9.808656e-002
3.537921e+003,9.954710e-002
3.538885e+003,1.001515e-001
3.539850e+003,1.001954e-001
3.540814e+003,9.987817e-002
3.541778e+003,1.002396e-001
3.542743e+003,9.972187e-002
3.543707e+003,1.005424e-001
3.544671e+003,9.993569e-002
3.545635e+003,9.896735e-002
3.546600e+003,9.867214e-002
3.547564e+003,9.603021e-002
3.548528e+003,9.660875e-002
3.549493e+003,9.829873e-002
3.550457e+003,9.990182e-002
3.551421e+003,1.002441e-001
3.552385e+003,9.651768e-002
3.553350e+003,9.595366e-002
3.554314e+003,9.662250e-002
3.555278e+003,9.738780e-002
3.556242e+003,9.755553e-002
3.557207e+003,9.709512e-002
3.558171e+003,9.742091e-002
3.559135e+003,9.866576e-002
3.560100e+003,9.675811e-002
3.561064e+003,9.579153e-002
3.562028e+003,9.709149e-002
3.562992e+003,9.715088e-002
3.563957e+003,9.684171e-002
3.564921e+003,1.019238e-001
3.565885e+003,1.010943e-001
3.566850e+003,9.768598e-002
3.567814e+003,9.290510e-002
3.568778e+003,8.653433e-002
3.569742e+003,9.289718e-002
3.570707e+003,9.468142e-002
3.571671e+003,9.471089e-002
3.572635e+003,9.509289e-002
3.573599e+003,9.512269e-002
3.574564e+003,9.439215e-002
3.575528e+003,9.466261e-002
3.576492e+003,9.476589e-002
3.577457e+003,9.388114e-002
3.578421e+003,9.539217e-002
3.579385e+003,9.591395e-002
3.580349e+003,9.414621e-002
3.581314e+003,9.457638e-002
3.582278e+003,9.559014e-002
3.583242e+003,9.506517e-002
3.584207e+003,9.500445e-002
3.585171e+003,1.017056e-001
3.586135e+003,1.004971e-001
3.587099e+003,9.306986e-002
3.588063e+003,9.477293e-002
3.589028e+003,8.330594e-002
3.589992e+003,8.691082e-002
3.590956e+003,9.336694e-002
3.591921e+003,9.662173e-002
3.592885e+003,9.473564e-002
3.593849e+003,9.329094e-002
3.594813e+003,9.465216e-002
3.595778e+003,8.865986e-002
3.596742e+003,9.009598e-002
3.597706e+003,9.297165e-002
3.598671e+003,9.167697e-002
3.599635e+003,9.351367e-002
3.600599e+003,9.203762e-002
3.601563e+003,8.909949e-002
3.602528e+003,9.012623e-002
3.603492e+003,9.032399e-002
3.604456e+003,9.115221e-002
3.605420e+003,9.476215e-002
3.606385e+003,9.525754e-002
3.607349e+003,9.107918e-002
3.608313e+003,9.914114e-002
3.609278e+003,8.536361e-002
3.610242e+003,8.022031e-002
3.611206e+003,9.845139e-002
3.612170e+003,9.618507e-002
3.613135e+003,8.600166e-002
3.614099e+003,9.108841e-002
3.615063e+003,8.947862e-002
3.616028e+003,9.484519e-002
3.616992e+003,1.009216e-001
3.617956e+003,9.730102e-002
3.618920e+003,9.972122e-002
3.619885e+003,8.553772e-002
3.620849e+003,8.495929e-002
3.621813e+003,9.009191e-002
3.622777e+003,9.193467e-002
3.623742e+003,9.182490e-002
3.624706e+003,9.376631e-002
3.625670e+003,9.321252e-002
3.626635e+003,9.847878e-002
3.627599e+003,1.107247e-001
3.628563e+003,9.886528e-002
3.629527e+003,6.723801e-002
3.630492e+003,6.664649e-002
3.631456e+003,8.302767e-002
3.632420e+003,9.145083e-002
3.633385e+003,9.036304e-002
3.634349e+003,8.258507e-002
3.635313e+003,8.525516e-002
3.636277e+003,8.801467e-002
3.637241e+003,8.808594e-002
3.638206e+003,8.551462e-002
3.639170e+003,8.530916e-002
3.640134e+003,8.675408e-002
3.641099e+003,8.751807e-002
3.642063e+003,8.655842e-002
3.643027e+003,8.471335e-002
3.643991e+003,8.620755e-002
3.644956e+003,8.981255e-002
3.645920e+003,9.899474e-002
3.646884e+003,9.308889e-002
3.647849e+003,8.927844e-002
3.648813e+003,9.248263e-002
3.649777e+003,7.751459e-002
3.650741e+003,7.477983e-002
3.651706e+003,6.800551e-002
3.652670e+003,7.807333e-002
3.653634e+003,8.435215e-002
3.654598e+003,9.454250e-002
3.655563e+003,9.802761e-002
3.656527e+003,7.137722e-002
3.657491e+003,7.067230e-002
3.658456e+003,8.337061e-002
3.659420e+003,8.344804e-002
3.660384e+003,8.274642e-002
3.661348e+003,8.235025e-002
3.662313e+003,8.326733e-002
3.663277e+003,8.310422e-002
3.664241e+003,8.389339e-002
3.665206e+003,8.342495e-002
3.666170e+003,8.363359e-002
3.667134e+003,8.957772e-002
3.668098e+003,9.293172e-002
3.669063e+003,8.873905e-002
3.670027e+003,9.440348e-002
3.670991e+003,6.237508e-002
3.671955e+003,6.608719e-002
3.672920e+003,8.771671e-002
3.673884e+003,1.045783e-001
3.674848e+003,1.016603e-001
3.675813e+003,6.265577e-002
3.676777e+003,5.354232e-002
3.677741e+003,7.574751e-002
3.678705e+003,8.341516e-002
3.679670e+003,7.665095e-002
3.680634e+003,7.532559e-002
3.681598e+003,8.003575e-002
3.682563e+003,8.023769e-002
3.683527e+003,8.146583e-002
3.684491e+003,7.979873e-002
3.685455e+003,8.051454e-002
3.686419e+003,8.877865e-002
3.687384e+003,1.072892e-001
3.688348e+003,7.502587e-002
3.689312e+003,5.880605e-002
3.690277e+003,8.443420e-002
3.691241e+003,7.265089e-002
3.692205e+003,6.676341e-002
3.693169e+003,7.649268e-002
3.694134e+003,7.807367e-002
3.695098e+003,7.884248e-002
3.696062e+003,7.884182e-002
3.697027e+003,7.844927e-002
3.697991e+003,7.859622e-002
3.698955e+003,7.863966e-002
3.699919e+003,8.263072e-002
3.700884e+003,8.781108e-002
3.701848e+003,7.341069e-002
3.702812e+003,6.892963e-002
3.703776e+003,7.633419e-002
3.704741e+003,7.761061e-002
3.705705e+003,7.684872e-002
3.706669e+003,7.683772e-002
3.707634e+003,8.370245e-002
3.708598e+003,8.849037e-002
3.709562e+003,7.254376e-002
3.710526e+003,8.152863e-002
3.711491e+003,9.124328e-002
3.712455e+003,5.667930e-002
3.713419e+003,6.112868e-002
3.714384e+003,7.517578e-002
3.715348e+003,7.434262e-002
3.716312e+003,7.581900e-002
3.717276e+003,7.897139e-002
3.718240e+003,8.005203e-002
3.719205e+003,7.320633e-002
3.720169e+003,7.533879e-002
3.721133e+003,8.394112e-002
3.722098e+003,7.593229e-002
3.723062e+003,6.873594e-002
3.724026e+003,7.696465e-002
3.724990e+003,7.975638e-002
3.725955e+003,7.962219e-002
3.726919e+003,7.006373e-002
3.727883e+003,7.192771e-002
3.728848e+003,7.771873e-002
3.729812e+003,8.222596e-002
3.730776e+003,9.609257e-002
3.731740e+003,8.923543e-002
3.732705e+003,6.589901e-002
3.733669e+003,8.915646e-002
3.734633e+003,9.124888e-002
3.735597e+003,8.304031e-002
3.736562e+003,7.410955e-002
3.737526e+003,7.078107e-002
3.738490e+003,7.755034e-002
3.739455e+003,8.310873e-002
3.740419e+003,8.788378e-002
3.741383e+003,8.190952e-002
3.742347e+003,9.295415e-002
3.743312e+003,1.273010e-001
3.744276e+003,9.126098e-002
3.745240e+003,2.944015e-002
3.746205e+003,6.387477e-002
3.747169e+003,8.532027e-002
3.748133e+003,1.087869e-001
3.749097e+003,8.871750e-002
3.750062e+003,5.171826e-002
3.751026e+003,9.341490e-002
3.751990e+003,7.758355e-002
3.752954e+003,4.227518e-002
3.753919e+003,6.278357e-002
3.754883e+003,7.517920e-002
3.755847e+003,7.749919e-002
3.756812e+003,6.708138e-002
3.757776e+003,6.935529e-002
3.758740e+003,7.804231e-002
3.759704e+003,6.434850e-002
3.760669e+003,5.692084e-002
3.761633e+003,6.544310e-002
3.762597e+003,6.668433e-002
3.763562e+003,6.725439e-002
3.764526e+003,7.245962e-002
3.765490e+003,6.500535e-002
3.766454e+003,5.464715e-002
3.767418e+003,6.168050e-002
3.768383e+003,7.224128e-002
3.769347e+003,7.017746e-002
3.770311e+003,4.823866e-002
3.771276e+003,5.290845e-002
3.772240e+003,5.945113e-002
3.773204e+003,6.023370e-002
3.774168e+003,5.939603e-002
3.775133e+003,5.937458e-002
3.776097e+003,5.930001e-002
3.777061e+003,6.053496e-002
3.778026e+003,6.510588e-002
3.778990e+003,6.271241e-002
3.779954e+003,4.815342e-002
3.780918e+003,5.239513e-002
3.781883e+003,5.662354e-002
3.782847e+003,5.815547e-002
3.783811e+003,5.890372e-002
3.784775e+003,5.487978e-002
3.785740e+003,5.231704e-002
3.786704e+003,5.397347e-002
3.787668e+003,5.398018e-002
3.788633e+003,5.485877e-002
3.789597e+003,5.429288e-002
3.790561e+003,5.457962e-002
3.791525e+003,5.389934e-002
3.792490e+003,5.442278e-002
3.793454e+003,5.407796e-002
3.794418e+003,5.775819e-002
3.795383e+003,6.298529e-002
3.796347e+003,5.293595e-002
3.797311e+003,4.478479e-002
3.798275e+003,5.180064e-002
3.799240e+003,5.935291e-002
3.800204e+003,7.981908e-002
3.801168e+003,5.616654e-002
3.802132e+003,2.499869e-002
3.803097e+003,3.972993e-002
3.804061e+003,4.834337e-002
3.805025e+003,5.882079e-002
3.805990e+003,7.279134e-002
3.806954e+003,4.468536e-002
3.807918e+003,2.896609e-002
3.808882e+003,4.645475e-002
3.809847e+003,4.939211e-002
3.810811e+003,4.990510e-002
3.811775e+003,4.985989e-002
3.812740e+003,5.136487e-002
3.813704e+003,5.367034e-002
3.814668e+003,7.298943e-002
3.815632e+003,6.286606e-002
3.816596e+003,2.007108e-002
3.817561e+003,3.631103e-002
3.818525e+003,5.263403e-002
3.819489e+003,6.537975e-002
3.820454e+003,6.552175e-002
3.821418e+003,3.536579e-002
3.822382e+003,2.672331e-002
3.823346e+003,4.195104e-002
3.824311e+003,4.736216e-002
3.825275e+003,5.216636e-002
3.826239e+003,5.083648e-002
3.827204e+003,4.156608e-002
3.828168e+003,4.319721e-002
3.829132e+003,4.721631e-002
3.830096e+003,5.529785e-002
3.831061e+003,5.614531e-002
3.832025e+003,3.728982e-002
3.832989e+003,4.421285e-002
3.833953e+003,5.892363e-002
3.834918e+003,4.447704e-002
3.835882e+003,4.520561e-002
3.836846e+003,7.364243e-002
3.837811e+003,4.102526e-002
3.838775e+003,2.527498e-002
3.839739e+003,4.869808e-002
3.840703e+003,4.253420e-002
3.841667e+003,3.843162e-002
3.842632e+003,5.114291e-002
3.843596e+003,4.498838e-002
3.844560e+003,3.666718e-002
3.845525e+003,4.378169e-002
3.846489e+003,4.553612e-002
3.847453e+003,4.652459e-002
3.848417e+003,4.794004e-002
3.849382e+003,4.779166e-002
3.850346e+003,5.844199e-002
3.851310e+003,7.000632e-002
3.852275e+003,5.405146e-002
3.853239e+003,7.638787e-002
3.854203e+003,1.727341e-002
3.855167e+003,0.000000e+000
3.856132e+003,4.127032e-002
3.857096e+003,4.402345e-002
3.858060e+003,4.079605e-002
3.859024e+003,4.417798e-002
3.859989e+003,5.007503e-002
3.860953e+003,5.345245e-002
3.861917e+003,4.136216e-002
3.862882e+003,4.273724e-002
3.863846e+003,5.925645e-002
3.864810e+003,4.598268e-002
3.865774e+003,2.906871e-002
3.866739e+003,4.081431e-002
3.867703e+003,5.383258e-002
3.868667e+003,6.747042e-002
3.869632e+003,4.923362e-002
3.870596e+003,2.146024e-002
3.871560e+003,3.368956e-002
3.872524e+003,4.964794e-002
3.873489e+003,5.424844e-002
3.874453e+003,3.685075e-002
3.875417e+003,3.609282e-002
3.876381e+003,4.421241e-002
3.877346e+003,4.562697e-002
3.878310e+003,5.018920e-002
3.879274e+003,5.847212e-002
3.880239e+003,4.326760e-002
3.881203e+003,3.231998e-002
3.882167e+003,4.345205e-002
3.883131e+003,4.594781e-002
3.884096e+003,5.543203e-002
3.885060e+003,6.095358e-002
3.886024e+003,2.901647e-002
3.886989e+003,3.061802e-002
3.887953e+003,4.440203e-002
3.888917e+003,4.698665e-002
3.889881e+003,5.747452e-002
3.890845e+003,5.379705e-002
3.891810e+003,3.174386e-002
3.892774e+003,3.888906e-002
3.893738e+003,4.457625e-002
3.894703e+003,4.427433e-002
3.895667e+003,4.580130e-002
3.896631e+003,4.783698e-002
3.897595e+003,5.434050e-002
3.898560e+003,5.774422e-002
3.899524e+003,3.864093e-002
3.900488e+003,4.792178e-002
3.901453e+003,5.172123e-002
3.902417e+003,4.043792e-002
3.903381e+003,5.347434e-002
3.904345e+003,3.896023e-002
3.905310e+003,3.626495e-002
3.906274e+003,4.068573e-002
3.907238e+003,4.245941e-002
3.908202e+003,4.553832e-002
3.909167e+003,4.577513e-002
3.910131e+003,4.569781e-002
3.911095e+003,4.604317e-002
3.912060e+003,4.609751e-002
3.913024e+003,4.587115e-002
3.913988e+003,4.620871e-002
3.914952e+003,4.872184e-002
3.915917e+003,5.352967e-002
3.916881e+003,4.714042e-002
3.917845e+003,3.893548e-002
3.918810e+003,4.773227e-002
3.919774e+003,4.696730e-002
3.920738e+003,4.105903e-002
3.921702e+003,4.524674e-002
3.922667e+003,4.816651e-002
3.923631e+003,4.926287e-002
3.924595e+003,4.634608e-002
3.925559e+003,4.144663e-002
3.926524e+003,4.386165e-002
3.927488e+003,4.710676e-002
3.928452e+003,4.801208e-002
3.929417e+003,4.718442e-002
3.930381e+003,4.734489e-002
3.931345e+003,5.077456e-002
3.932309e+003,4.545066e-002
3.933274e+003,4.226791e-002
3.934238e+003,4.550148e-002
3.935202e+003,4.631715e-002
3.936167e+003,4.704319e-002
3.937131e+003,4.765187e-002
3.938095e+003,4.780354e-002
3.939059e+003,4.724546e-002
3.940023e+003,4.712007e-002
3.940988e+003,4.997912e-002
3.941952e+003,5.193912e-002
3.942916e+003,4.492426e-002
3.943881e+003,4.448210e-002
3.944845e+003,4.703285e-002
3.945809e+003,4.934987e-002
3.946773e+003,5.081119e-002
3.947738e+003,4.749051e-002
3.948702e+003,4.805553e-002
3.949666e+003,4.841981e-002
3.950631e+003,4.602348e-002
3.951595e+003,4.817145e-002
3.952559e+003,4.888583e-002
3.953523e+003,4.792750e-002
3.954488e+003,4.806190e-002
3.955452e+003,4.923306e-002
3.956416e+003,4.902980e-002
3.957380e+003,4.861559e-002
3.958345e+003,4.895226e-002
3.959309e+003,4.904334e-002
3.960273e+003,4.983756e-002
3.961238e+003,5.000079e-002
3.962202e+003,4.761183e-002
3.963166e+003,4.806839e-002
3.964130e+003,4.978708e-002
3.965095e+003,5.033900e-002
3.966059e+003,5.027961e-002
3.967023e+003,5.084704e-002
3.967988e+003,5.085628e-002
3.968952e+003,4.992555e-002
3.969916e+003,4.948857e-002
3.970880e+003,5.030744e-002
3.971844e+003,5.013442e-002
3.972809e+003,5.016698e-002
3.973773e+003,5.074673e-002
3.974737e+003,5.120593e-002
3.975702e+003,5.057394e-002
3.976666e+003,5.030029e-002
3.977630e+003,5.135486e-002
3.978594e+003,5.165810e-002
3.979559e+003,5.158276e-002
3.980523e+003,5.173476e-002
3.981487e+003,5.197355e-002
3.982452e+003,5.152710e-002
3.983416e+003,5.130569e-002
3.984380e+003,5.149784e-002
3.985344e+003,5.138412e-002
3.986309e+003,5.136146e-002
3.987273e+003,5.144175e-002
3.988237e+003,5.163170e-002
3.989201e+003,5.185124e-002
3.990166e+003,5.195727e-002
3.991130e+003,5.233365e-002
3.992094e+003,5.280715e-002
3.993059e+003,5.297587e-002
3.994023e+003,5.306200e-002
3.994987e+003,5.242494e-002
3.995951e+003,5.259377e-002
3.996916e+003,5.315845e-002
3.997880e+003,5.311512e-002
3.998844e+003,5.306090e-002
3.999809e+003,5.347918e-002
