5.997784e+002,-2.015807e-001
6.007427e+002,-1.920709e-001
6.017070e+002,-1.962135e-001
6.026713e+002,-2.100471e-001
6.036356e+002,-1.980320e-001
6.045998e+002,-1.956285e-001
6.055641e+002,-2.161709e-001
6.065284e+002,-2.204550e-001
6.074926e+002,-2.086786e-001
6.084569e+002,-2.124759e-001
6.094212e+002,-2.216992e-001
6.103854e+002,-2.339489e-001
6.113497e+002,-2.305185e-001
6.123140e+002,-2.108192e-001
6.132783e+002,-2.018083e-001
6.142426e+002,-2.121366e-001
6.152068e+002,-2.191614e-001
6.161711e+002,-2.190422e-001
6.171354e+002,-2.196757e-001
6.180997e+002,-2.249234e-001
6.190639e+002,-2.258228e-001
6.200282e+002,-2.241377e-001
6.209925e+002,-2.265005e-001
6.219567e+002,-2.298764e-001
6.229210e+002,-2.302298e-001
6.238853e+002,-2.278031e-001
6.248495e+002,-2.274011e-001
6.258138e+002,-2.260519e-001
6.267781e+002,-2.249540e-001
6.277424e+002,-2.337424e-001
6.287067e+002,-2.398035e-001
6.296710e+002,-2.357348e-001
6.306352e+002,-2.353758e-001
6.315995e+002,-2.450091e-001
6.325638e+002,-2.479840e-001
6.335280e+002,-2.408989e-001
6.344923e+002,-2.369147e-001
6.354566e+002,-2.414364e-001
6.364208e+002,-2.473934e-001
6.373851e+002,-2.457270e-001
6.383494e+002,-2.437516e-001
6.393137e+002,-2.462251e-001
6.402780e+002,-2.488237e-001
6.412422e+002,-2.490815e-001
6.422065e+002,-2.479839e-001
6.431708e+002,-2.437845e-001
6.441351e+002,-2.381306e-001
6.450993e+002,-2.359972e-001
6.460636e+002,-2.326655e-001
6.470279e+002,-2.222355e-001
6.479921e+002,-2.103963e-001
6.489564e+002,-1.924351e-001
6.499207e+002,-1.622598e-001
6.508849e+002,-1.305247e-001
6.518492e+002,-1.277146e-001
6.528135e+002,-1.534729e-001
6.537778e+002,-1.586500e-001
6.547421e+002,-1.283116e-001
6.557064e+002,-9.158692e-002
6.566706e+002,-4.795333e-002
6.576349e+002,2.318497e-002
6.585992e+002,9.296745e-002
6.595634e+002,1.226440e-001
6.605277e+002,1.258892e-001
6.614920e+002,1.200072e-001
6.624562e+002,8.504138e-002
6.634205e+002,2.606320e-002
6.643848e+002,-2.537832e-002
6.653491e+002,-5.945298e-002
6.663134e+002,-9.590702e-002
6.672776e+002,-1.323519e-001
6.682419e+002,-1.614433e-001
6.692062e+002,-1.866375e-001
6.701705e+002,-2.160034e-001
6.711347e+002,-2.384821e-001
6.720990e+002,-2.458743e-001
6.730633e+002,-2.547643e-001
6.740275e+002,-2.678144e-001
6.749918e+002,-2.759418e-001
6.759561e+002,-2.782445e-001
6.769203e+002,-2.787262e-001
6.778846e+002,-2.827421e-001
6.788489e+002,-2.894395e-001
6.798132e+002,-2.940840e-001
6.807775e+002,-2.904170e-001
6.817418e+002,-2.888698e-001
6.827060e+002,-2.955566e-001
6.836703e+002,-3.000835e-001
6.846346e+002,-2.967244e-001
6.855988e+002,-2.946090e-001
6.865631e+002,-2.987610e-001
6.875274e+002,-2.994106e-001
6.884916e+002,-2.956273e-001
6.894559e+002,-2.970712e-001
6.904202e+002,-3.023556e-001
6.913845e+002,-3.015204e-001
6.923488e+002,-2.952024e-001
6.933130e+002,-2.937705e-001
6.942773e+002,-2.962644e-001
6.952416e+002,-2.978483e-001
6.962059e+002,-2.952496e-001
6.971701e+002,-2.939980e-001
6.981344e+002,-2.987331e-001
6.990986e+002,-3.008127e-001
7.000629e+002,-2.968367e-001
7.010272e+002,-2.958918e-001
7.019915e+002,-2.990932e-001
7.029557e+002,-2.989359e-001
7.039200e+002,-2.945191e-001
7.048843e+002,-2.945181e-001
7.058486e+002,-2.974377e-001
7.068129e+002,-2.983767e-001
7.077771e+002,-2.970359e-001
7.087414e+002,-2.976346e-001
7.097057e+002,-2.996288e-001
7.106699e+002,-2.983470e-001
7.116342e+002,-2.942680e-001
7.125985e+002,-2.951850e-001
7.135627e+002,-2.981269e-001
7.145270e+002,-2.976894e-001
7.154913e+002,-2.955156e-001
7.164556e+002,-2.961446e-001
7.174199e+002,-2.984459e-001
7.183842e+002,-2.978864e-001
7.193484e+002,-2.975427e-001
7.203127e+002,-2.988161e-001
7.212770e+002,-2.987600e-001
7.222412e+002,-2.970962e-001
7.232055e+002,-2.952483e-001
7.241698e+002,-2.969128e-001
7.251340e+002,-2.979537e-001
7.260983e+002,-2.982122e-001
7.270626e+002,-2.975183e-001
7.280269e+002,-2.968300e-001
7.289911e+002,-2.970438e-001
7.299554e+002,-2.956922e-001
7.309197e+002,-2.954808e-001
7.318840e+002,-2.965955e-001
7.328483e+002,-2.961410e-001
7.338125e+002,-2.937661e-001
7.347768e+002,-2.921024e-001
7.357411e+002,-2.923446e-001
7.367053e+002,-2.915245e-001
7.376696e+002,-2.906457e-001
7.386339e+002,-2.892890e-001
7.395981e+002,-2.908815e-001
7.405624e+002,-2.928823e-001
7.415267e+002,-2.914893e-001
7.424910e+002,-2.924028e-001
7.434553e+002,-2.966756e-001
7.444196e+002,-2.988787e-001
7.453838e+002,-2.971986e-001
7.463481e+002,-2.957079e-001
7.473124e+002,-2.989402e-001
7.482766e+002,-3.011345e-001
7.492409e+002,-2.980356e-001
7.502052e+002,-2.957968e-001
7.511694e+002,-2.990208e-001
7.521337e+002,-3.003566e-001
7.530980e+002,-2.959341e-001
7.540623e+002,-2.931135e-001
7.550266e+002,-2.977087e-001
7.559908e+002,-3.002570e-001
7.569551e+002,-2.976849e-001
7.579194e+002,-2.961103e-001
7.588837e+002,-2.977303e-001
7.598479e+002,-2.989133e-001
7.608122e+002,-2.973390e-001
7.617765e+002,-2.946658e-001
7.627407e+002,-2.973802e-001
7.637050e+002,-3.013012e-001
7.646693e+002,-2.993497e-001
7.656335e+002,-2.966764e-001
7.665978e+002,-2.987553e-001
7.675621e+002,-3.018623e-001
7.685264e+002,-3.005639e-001
7.694907e+002,-2.972203e-001
7.704550e+002,-2.970593e-001
7.714192e+002,-2.995173e-001
7.723835e+002,-2.994311e-001
7.733478e+002,-2.973463e-001
7.743120e+002,-2.984807e-001
7.752763e+002,-3.012144e-001
7.762406e+002,-3.013226e-001
7.772048e+002,-2.973232e-001
7.781691e+002,-2.971387e-001
7.791334e+002,-2.998874e-001
7.800977e+002,-2.992154e-001
7.810620e+002,-2.954448e-001
7.820262e+002,-2.957306e-001
7.829905e+002,-2.996757e-001
7.839548e+002,-3.003165e-001
7.849191e+002,-2.965141e-001
7.858833e+002,-2.949680e-001
7.868476e+002,-2.974614e-001
7.878119e+002,-2.981150e-001
7.887761e+002,-2.945506e-001
7.897404e+002,-2.924498e-001
7.907047e+002,-2.938499e-001
7.916689e+002,-2.943117e-001
7.926332e+002,-2.912450e-001
7.935975e+002,-2.890593e-001
7.945618e+002,-2.897646e-001
7.955261e+002,-2.894619e-001
7.964904e+002,-2.855611e-001
7.974546e+002,-2.817205e-001
7.984189e+002,-2.821539e-001
7.993832e+002,-2.834958e-001
8.003474e+002,-2.811795e-001
8.013117e+002,-2.799035e-001
8.022760e+002,-2.813875e-001
8.032402e+002,-2.840326e-001
8.042045e+002,-2.838902e-001
8.051688e+002,-2.824779e-001
8.061331e+002,-2.824828e-001
8.070974e+002,-2.845407e-001
8.080616e+002,-2.863825e-001
8.090259e+002,-2.855333e-001
8.099902e+002,-2.864630e-001
8.109545e+002,-2.887689e-001
8.119187e+002,-2.888753e-001
8.128830e+002,-2.876903e-001
8.138473e+002,-2.873743e-001
8.148115e+002,-2.878405e-001
8.157758e+002,-2.887150e-001
8.167401e+002,-2.893113e-001
8.177043e+002,-2.895974e-001
8.186686e+002,-2.914010e-001
8.196329e+002,-2.936463e-001
8.205972e+002,-2.944445e-001
8.215615e+002,-2.942695e-001
8.225258e+002,-2.948289e-001
8.234900e+002,-2.958002e-001
8.244543e+002,-2.970077e-001
8.254186e+002,-2.967024e-001
8.263828e+002,-2.961753e-001
8.273471e+002,-2.972209e-001
8.283114e+002,-2.977307e-001
8.292756e+002,-2.957962e-001
8.302399e+002,-2.946664e-001
8.312042e+002,-2.964441e-001
8.321685e+002,-2.979673e-001
8.331328e+002,-2.982943e-001
8.340970e+002,-2.991558e-001
8.350613e+002,-2.987352e-001
8.360256e+002,-2.975681e-001
8.369899e+002,-2.967817e-001
8.379541e+002,-2.961790e-001
8.389184e+002,-2.968382e-001
8.398827e+002,-2.983373e-001
8.408469e+002,-2.996196e-001
8.418112e+002,-2.994323e-001
8.427755e+002,-2.978202e-001
8.437397e+002,-2.969840e-001
8.447040e+002,-2.969704e-001
8.456683e+002,-2.971490e-001
8.466326e+002,-2.970263e-001
8.475969e+002,-2.968777e-001
8.485612e+002,-2.963427e-001
8.495254e+002,-2.963931e-001
8.504897e+002,-2.966019e-001
8.514540e+002,-2.971942e-001
8.524182e+002,-2.970390e-001
8.533825e+002,-2.952604e-001
8.543468e+002,-2.954004e-001
8.553110e+002,-2.969128e-001
8.562753e+002,-2.983768e-001
8.572396e+002,-2.993565e-001
8.582039e+002,-2.977182e-001
8.591682e+002,-2.955471e-001
8.601324e+002,-2.959890e-001
8.610967e+002,-2.979107e-001
8.620610e+002,-2.985925e-001
8.630253e+002,-2.979013e-001
8.639895e+002,-2.960410e-001
8.649538e+002,-2.956167e-001
8.659181e+002,-2.960517e-001
8.668823e+002,-2.967781e-001
8.678466e+002,-2.966782e-001
8.688109e+002,-2.954887e-001
8.697751e+002,-2.945180e-001
8.707394e+002,-2.956321e-001
8.717037e+002,-2.971945e-001
8.726680e+002,-2.978131e-001
8.736323e+002,-2.969759e-001
8.745966e+002,-2.965052e-001
8.755608e+002,-2.960984e-001
8.765251e+002,-2.956911e-001
8.774894e+002,-2.950849e-001
8.784536e+002,-2.959911e-001
8.794179e+002,-2.976473e-001
8.803822e+002,-2.983459e-001
8.813464e+002,-2.973454e-001
8.823107e+002,-2.953373e-001
8.832750e+002,-2.941245e-001
8.842393e+002,-2.935329e-001
8.852036e+002,-2.940800e-001
8.861678e+002,-2.946296e-001
8.871321e+002,-2.934613e-001
8.880964e+002,-2.935417e-001
8.890607e+002,-2.938967e-001
8.900249e+002,-2.945434e-001
8.909892e+002,-2.952080e-001
8.919535e+002,-2.964623e-001
8.929177e+002,-2.961840e-001
8.938820e+002,-2.942711e-001
8.948463e+002,-2.938970e-001
8.958105e+002,-2.955524e-001
8.967748e+002,-2.959490e-001
8.977391e+002,-2.936899e-001
8.987034e+002,-2.933797e-001
8.996677e+002,-2.946569e-001
9.006319e+002,-2.946369e-001
9.015962e+002,-2.936698e-001
9.025605e+002,-2.929431e-001
9.035247e+002,-2.934716e-001
9.044890e+002,-2.941387e-001
9.054533e+002,-2.945175e-001
9.064175e+002,-2.948432e-001
9.073818e+002,-2.944898e-001
9.083461e+002,-2.946799e-001
9.093104e+002,-2.942668e-001
9.102747e+002,-2.930068e-001
9.112390e+002,-2.918219e-001
9.122032e+002,-2.911570e-001
9.131675e+002,-2.917561e-001
9.141318e+002,-2.925053e-001
9.150960e+002,-2.925836e-001
9.160603e+002,-2.921922e-001
9.170246e+002,-2.912862e-001
9.179888e+002,-2.895750e-001
9.189531e+002,-2.891608e-001
9.199174e+002,-2.903573e-001
9.208817e+002,-2.911654e-001
9.218459e+002,-2.918743e-001
9.228102e+002,-2.914256e-001
9.237745e+002,-2.903213e-001
9.247388e+002,-2.905224e-001
9.257031e+002,-2.907250e-001
9.266673e+002,-2.891254e-001
9.276316e+002,-2.878852e-001
9.285959e+002,-2.883528e-001
9.295601e+002,-2.887284e-001
9.305244e+002,-2.878014e-001
9.314887e+002,-2.869969e-001
9.324529e+002,-2.885262e-001
9.334172e+002,-2.890689e-001
9.343815e+002,-2.878238e-001
9.353458e+002,-2.869675e-001
9.363101e+002,-2.869806e-001
9.372744e+002,-2.870884e-001
9.382386e+002,-2.855930e-001
9.392029e+002,-2.841803e-001
9.401672e+002,-2.845452e-001
9.411314e+002,-2.854193e-001
9.420957e+002,-2.860057e-001
9.430600e+002,-2.847413e-001
9.440242e+002,-2.845126e-001
9.449885e+002,-2.854951e-001
9.459528e+002,-2.854395e-001
9.469171e+002,-2.841380e-001
9.478813e+002,-2.822042e-001
9.488456e+002,-2.817239e-001
9.498099e+002,-2.825260e-001
9.507742e+002,-2.823351e-001
9.517385e+002,-2.813869e-001
9.527027e+002,-2.814812e-001
9.536670e+002,-2.815883e-001
9.546313e+002,-2.806737e-001
9.555955e+002,-2.797311e-001
9.565598e+002,-2.795440e-001
9.575241e+002,-2.799214e-001
9.584883e+002,-2.782368e-001
9.594526e+002,-2.767029e-001
9.604169e+002,-2.766404e-001
9.613812e+002,-2.768931e-001
9.623455e+002,-2.771963e-001
9.633098e+002,-2.772277e-001
9.642740e+002,-2.768472e-001
9.652383e+002,-2.762884e-001
9.662026e+002,-2.766880e-001
9.671668e+002,-2.766408e-001
9.681311e+002,-2.753824e-001
9.690954e+002,-2.755880e-001
9.700596e+002,-2.763535e-001
9.710239e+002,-2.759565e-001
9.719882e+002,-2.746451e-001
9.729525e+002,-2.735318e-001
9.739167e+002,-2.738629e-001
9.748810e+002,-2.738197e-001
9.758453e+002,-2.722174e-001
9.768096e+002,-2.714004e-001
9.777739e+002,-2.726608e-001
9.787381e+002,-2.729403e-001
9.797024e+002,-2.719882e-001
9.806667e+002,-2.711822e-001
9.816309e+002,-2.709932e-001
9.825952e+002,-2.713729e-001
9.835595e+002,-2.710656e-001
9.845237e+002,-2.699416e-001
9.854880e+002,-2.690268e-001
9.864523e+002,-2.693509e-001
9.874166e+002,-2.703097e-001
9.883809e+002,-2.700480e-001
9.893452e+002,-2.690252e-001
9.903094e+002,-2.693003e-001
9.912737e+002,-2.689573e-001
9.922380e+002,-2.670044e-001
9.932022e+002,-2.664534e-001
9.941665e+002,-2.678847e-001
9.951308e+002,-2.682706e-001
9.960950e+002,-2.675538e-001
9.970593e+002,-2.672282e-001
9.980236e+002,-2.664334e-001
9.989879e+002,-2.653368e-001
9.999521e+002,-2.659011e-001
1.000916e+003,-2.656620e-001
1.001881e+003,-2.653248e-001
1.002845e+003,-2.654829e-001
1.003809e+003,-2.655781e-001
1.004773e+003,-2.652165e-001
1.005738e+003,-2.646664e-001
1.006702e+003,-2.641907e-001
1.007666e+003,-2.634979e-001
1.008631e+003,-2.634136e-001
1.009595e+003,-2.641380e-001
1.010559e+003,-2.640810e-001
1.011523e+003,-2.631852e-001
1.012488e+003,-2.619201e-001
1.013452e+003,-2.610826e-001
1.014416e+003,-2.604499e-001
1.015381e+003,-2.600863e-001
1.016345e+003,-2.600417e-001
1.017309e+003,-2.595978e-001
1.018273e+003,-2.586566e-001
1.019238e+003,-2.585885e-001
1.020202e+003,-2.580987e-001
1.021166e+003,-2.568108e-001
1.022130e+003,-2.560081e-001
1.023095e+003,-2.556844e-001
1.024059e+003,-2.542457e-001
1.025023e+003,-2.537625e-001
1.025988e+003,-2.536869e-001
1.026952e+003,-2.534893e-001
1.027916e+003,-2.525737e-001
1.028880e+003,-2.521863e-001
1.029845e+003,-2.528315e-001
1.030809e+003,-2.510338e-001
1.031773e+003,-2.496028e-001
1.032737e+003,-2.505429e-001
1.033702e+003,-2.518293e-001
1.034666e+003,-2.515968e-001
1.035630e+003,-2.496784e-001
1.036595e+003,-2.479136e-001
1.037559e+003,-2.469969e-001
1.038523e+003,-2.468445e-001
1.039487e+003,-2.461847e-001
1.040452e+003,-2.462376e-001
1.041416e+003,-2.467228e-001
1.042380e+003,-2.472079e-001
1.043344e+003,-2.474665e-001
1.044309e+003,-2.465453e-001
1.045273e+003,-2.458317e-001
1.046237e+003,-2.455290e-001
1.047202e+003,-2.452593e-001
1.048166e+003,-2.446952e-001
1.049130e+003,-2.440194e-001
1.050094e+003,-2.439866e-001
1.051059e+003,-2.443469e-001
1.052023e+003,-2.436067e-001
1.052987e+003,-2.426392e-001
1.053952e+003,-2.427214e-001
1.054916e+003,-2.424107e-001
1.055880e+003,-2.421239e-001
1.056844e+003,-2.424740e-001
1.057809e+003,-2.422423e-001
1.058773e+003,-2.408210e-001
1.059737e+003,-2.400961e-001
1.060701e+003,-2.400738e-001
1.061666e+003,-2.405524e-001
1.062630e+003,-2.413810e-001
1.063594e+003,-2.412887e-001
1.064558e+003,-2.408616e-001
1.065523e+003,-2.418344e-001
1.066487e+003,-2.425508e-001
1.067451e+003,-2.423247e-001
1.068416e+003,-2.429484e-001
1.069380e+003,-2.424996e-001
1.070344e+003,-2.407675e-001
1.071308e+003,-2.401881e-001
1.072273e+003,-2.404334e-001
1.073237e+003,-2.415919e-001
1.074201e+003,-2.423838e-001
1.075166e+003,-2.425675e-001
1.076130e+003,-2.418464e-001
1.077094e+003,-2.417713e-001
1.078058e+003,-2.421280e-001
1.079023e+003,-2.417293e-001
1.079987e+003,-2.418315e-001
1.080951e+003,-2.418036e-001
1.081915e+003,-2.428415e-001
1.082880e+003,-2.436946e-001
1.083844e+003,-2.439789e-001
1.084808e+003,-2.437733e-001
1.085773e+003,-2.427865e-001
1.086737e+003,-2.427268e-001
1.087701e+003,-2.436370e-001
1.088665e+003,-2.432306e-001
1.089630e+003,-2.418712e-001
1.090594e+003,-2.410277e-001
1.091558e+003,-2.417665e-001
1.092522e+003,-2.431229e-001
1.093487e+003,-2.424895e-001
1.094451e+003,-2.422244e-001
1.095415e+003,-2.423736e-001
1.096380e+003,-2.404350e-001
1.097344e+003,-2.411350e-001
1.098308e+003,-2.430016e-001
1.099272e+003,-2.422451e-001
1.100237e+003,-2.412185e-001
1.101201e+003,-2.413958e-001
1.102165e+003,-2.420735e-001
1.103130e+003,-2.427626e-001
1.104094e+003,-2.420540e-001
1.105058e+003,-2.420427e-001
1.106022e+003,-2.439343e-001
1.106987e+003,-2.436339e-001
1.107951e+003,-2.421056e-001
1.108915e+003,-2.419501e-001
1.109879e+003,-2.424408e-001
1.110844e+003,-2.438445e-001
1.111808e+003,-2.456872e-001
1.112772e+003,-2.455949e-001
1.113736e+003,-2.438084e-001
1.114701e+003,-2.424446e-001
1.115665e+003,-2.409050e-001
1.116629e+003,-2.411211e-001
1.117594e+003,-2.429184e-001
1.118558e+003,-2.430899e-001
1.119522e+003,-2.417269e-001
1.120486e+003,-2.419230e-001
1.121451e+003,-2.435176e-001
1.122415e+003,-2.433902e-001
1.123379e+003,-2.420958e-001
1.124344e+003,-2.417931e-001
1.125308e+003,-2.424800e-001
1.126272e+003,-2.425697e-001
1.127236e+003,-2.432272e-001
1.128201e+003,-2.435202e-001
1.129165e+003,-2.435429e-001
1.130129e+003,-2.433596e-001
1.131093e+003,-2.427077e-001
1.132058e+003,-2.420452e-001
1.133022e+003,-2.418774e-001
1.133986e+003,-2.422971e-001
1.134951e+003,-2.431905e-001
1.135915e+003,-2.431317e-001
1.136879e+003,-2.435285e-001
1.137843e+003,-2.426378e-001
1.138808e+003,-2.412120e-001
1.139772e+003,-2.416555e-001
1.140736e+003,-2.428496e-001
1.141700e+003,-2.423247e-001
1.142665e+003,-2.418203e-001
1.143629e+003,-2.423297e-001
1.144593e+003,-2.422558e-001
1.145557e+003,-2.425715e-001
1.146522e+003,-2.430442e-001
1.147486e+003,-2.431063e-001
1.148450e+003,-2.431516e-001
1.149415e+003,-2.425162e-001
1.150379e+003,-2.422801e-001
1.151343e+003,-2.428593e-001
1.152307e+003,-2.424158e-001
1.153272e+003,-2.411531e-001
1.154236e+003,-2.414961e-001
1.155200e+003,-2.422208e-001
1.156165e+003,-2.420099e-001
1.157129e+003,-2.414206e-001
1.158093e+003,-2.411842e-001
1.159057e+003,-2.414130e-001
1.160022e+003,-2.417689e-001
1.160986e+003,-2.427109e-001
1.161950e+003,-2.434664e-001
1.162914e+003,-2.425525e-001
1.163879e+003,-2.424479e-001
1.164843e+003,-2.422166e-001
1.165807e+003,-2.417620e-001
1.166772e+003,-2.422331e-001
1.167736e+003,-2.427954e-001
1.168700e+003,-2.428979e-001
1.169664e+003,-2.422341e-001
1.170629e+003,-2.420082e-001
1.171593e+003,-2.414962e-001
1.172557e+003,-2.423011e-001
1.173521e+003,-2.436762e-001
1.174486e+003,-2.440014e-001
1.175450e+003,-2.430361e-001
1.176414e+003,-2.423867e-001
1.177379e+003,-2.425597e-001
1.178343e+003,-2.424853e-001
1.179307e+003,-2.421961e-001
1.180271e+003,-2.422750e-001
1.181236e+003,-2.431728e-001
1.182200e+003,-2.434949e-001
1.183164e+003,-2.437515e-001
1.184129e+003,-2.446437e-001
1.185093e+003,-2.448020e-001
1.186057e+003,-2.443274e-001
1.187021e+003,-2.431953e-001
1.187986e+003,-2.424200e-001
1.188950e+003,-2.428278e-001
1.189914e+003,-2.434630e-001
1.190878e+003,-2.434301e-001
1.191843e+003,-2.435198e-001
1.192807e+003,-2.436856e-001
1.193771e+003,-2.435129e-001
1.194735e+003,-2.436622e-001
1.195700e+003,-2.438402e-001
1.196664e+003,-2.437128e-001
1.197628e+003,-2.439918e-001
1.198593e+003,-2.442309e-001
1.199557e+003,-2.440314e-001
1.200521e+003,-2.428366e-001
1.201485e+003,-2.419213e-001
1.202450e+003,-2.423043e-001
1.203414e+003,-2.432652e-001
1.204378e+003,-2.435147e-001
1.205343e+003,-2.423103e-001
1.206307e+003,-2.413059e-001
1.207271e+003,-2.413782e-001
1.208235e+003,-2.420076e-001
1.209200e+003,-2.420550e-001
1.210164e+003,-2.424809e-001
1.211128e+003,-2.430287e-001
1.212092e+003,-2.425745e-001
1.213057e+003,-2.427408e-001
1.214021e+003,-2.428630e-001
1.214985e+003,-2.415882e-001
1.215949e+003,-2.404781e-001
1.216914e+003,-2.407189e-001
1.217878e+003,-2.416205e-001
1.218842e+003,-2.413675e-001
1.219807e+003,-2.409268e-001
1.220771e+003,-2.403475e-001
1.221735e+003,-2.397789e-001
1.222699e+003,-2.392738e-001
1.223664e+003,-2.398540e-001
1.224628e+003,-2.405058e-001
1.225592e+003,-2.402622e-001
1.226557e+003,-2.393341e-001
1.227521e+003,-2.379652e-001
1.228485e+003,-2.370812e-001
1.229449e+003,-2.372375e-001
1.230414e+003,-2.369551e-001
1.231378e+003,-2.364635e-001
1.232342e+003,-2.361148e-001
1.233306e+003,-2.356579e-001
1.234271e+003,-2.355805e-001
1.235235e+003,-2.352024e-001
1.236199e+003,-2.341538e-001
1.237164e+003,-2.335725e-001
1.238128e+003,-2.332589e-001
1.239092e+003,-2.336694e-001
1.240056e+003,-2.344248e-001
1.241021e+003,-2.339163e-001
1.241985e+003,-2.331073e-001
1.242949e+003,-2.333045e-001
1.243913e+003,-2.329573e-001
1.244878e+003,-2.322740e-001
1.245842e+003,-2.319446e-001
1.246806e+003,-2.322888e-001
1.247771e+003,-2.326663e-001
1.248735e+003,-2.328407e-001
1.249699e+003,-2.327004e-001
1.250663e+003,-2.319715e-001
1.251628e+003,-2.316982e-001
1.252592e+003,-2.315332e-001
1.253556e+003,-2.312320e-001
1.254521e+003,-2.314730e-001
1.255485e+003,-2.315418e-001
1.256449e+003,-2.309151e-001
1.257413e+003,-2.303716e-001
1.258378e+003,-2.304158e-001
1.259342e+003,-2.301585e-001
1.260306e+003,-2.298450e-001
1.261270e+003,-2.297431e-001
1.262235e+003,-2.294267e-001
1.263199e+003,-2.288153e-001
1.264163e+003,-2.281912e-001
1.265127e+003,-2.272349e-001
1.266092e+003,-2.271342e-001
1.267056e+003,-2.272575e-001
1.268020e+003,-2.262986e-001
1.268985e+003,-2.255492e-001
1.269949e+003,-2.253440e-001
1.270913e+003,-2.252086e-001
1.271877e+003,-2.246161e-001
1.272842e+003,-2.239667e-001
1.273806e+003,-2.238136e-001
1.274770e+003,-2.233083e-001
1.275734e+003,-2.219491e-001
1.276699e+003,-2.210021e-001
1.277663e+003,-2.212244e-001
1.278627e+003,-2.213831e-001
1.279592e+003,-2.212515e-001
1.280556e+003,-2.207177e-001
1.281520e+003,-2.197925e-001
1.282484e+003,-2.195492e-001
1.283449e+003,-2.198004e-001
1.284413e+003,-2.193557e-001
1.285377e+003,-2.179641e-001
1.286342e+003,-2.170933e-001
1.287306e+003,-2.170541e-001
1.288270e+003,-2.162152e-001
1.289234e+003,-2.155462e-001
1.290199e+003,-2.153796e-001
1.291163e+003,-2.146606e-001
1.292127e+003,-2.136212e-001
1.293091e+003,-2.133953e-001
1.294056e+003,-2.134911e-001
1.295020e+003,-2.133981e-001
1.295984e+003,-2.126634e-001
1.296948e+003,-2.114141e-001
1.297913e+003,-2.109178e-001
1.298877e+003,-2.112820e-001
1.299841e+003,-2.110923e-001
1.300806e+003,-2.104659e-001
1.301770e+003,-2.102990e-001
1.302734e+003,-2.102510e-001
1.303698e+003,-2.100473e-001
1.304663e+003,-2.098247e-001
1.305627e+003,-2.093400e-001
1.306591e+003,-2.093522e-001
1.307556e+003,-2.093194e-001
1.308520e+003,-2.089136e-001
1.309484e+003,-2.085426e-001
1.310448e+003,-2.080578e-001
1.311413e+003,-2.080974e-001
1.312377e+003,-2.085328e-001
1.313341e+003,-2.080521e-001
1.314305e+003,-2.081497e-001
1.315270e+003,-2.080627e-001
1.316234e+003,-2.079028e-001
1.317198e+003,-2.077967e-001
1.318163e+003,-2.081662e-001
1.319127e+003,-2.081949e-001
1.320091e+003,-2.068668e-001
1.321055e+003,-2.064095e-001
1.322020e+003,-2.069756e-001
1.322984e+003,-2.071062e-001
1.323948e+003,-2.062631e-001
1.324912e+003,-2.059129e-001
1.325877e+003,-2.065459e-001
1.326841e+003,-2.071150e-001
1.327805e+003,-2.068563e-001
1.328770e+003,-2.060686e-001
1.329734e+003,-2.061241e-001
1.330698e+003,-2.057706e-001
1.331662e+003,-2.047594e-001
1.332627e+003,-2.046664e-001
1.333591e+003,-2.052903e-001
1.334555e+003,-2.057060e-001
1.335520e+003,-2.074194e-001
1.336484e+003,-2.096023e-001
1.337448e+003,-2.113914e-001
1.338412e+003,-2.141189e-001
1.339377e+003,-2.152478e-001
1.340341e+003,-2.142611e-001
1.341305e+003,-2.128147e-001
1.342269e+003,-2.137787e-001
1.343234e+003,-2.144623e-001
1.344198e+003,-2.146391e-001
1.345162e+003,-2.157060e-001
1.346126e+003,-2.166008e-001
1.347091e+003,-2.169889e-001
1.348055e+003,-2.178522e-001
1.349019e+003,-2.185707e-001
1.349984e+003,-2.189645e-001
1.350948e+003,-2.198755e-001
1.351912e+003,-2.206689e-001
1.352876e+003,-2.215337e-001
1.353841e+003,-2.226895e-001
1.354805e+003,-2.235133e-001
1.355769e+003,-2.238287e-001
1.356734e+003,-2.244226e-001
1.357698e+003,-2.249747e-001
1.358662e+003,-2.256975e-001
1.359626e+003,-2.274811e-001
1.360591e+003,-2.299930e-001
1.361555e+003,-2.318705e-001
1.362519e+003,-2.355261e-001
1.363483e+003,-2.336582e-001
1.364448e+003,-2.301026e-001
1.365412e+003,-2.302774e-001
1.366376e+003,-2.308046e-001
1.367341e+003,-2.327455e-001
1.368305e+003,-2.345760e-001
1.369269e+003,-2.339886e-001
1.370233e+003,-2.338941e-001
1.371198e+003,-2.354183e-001
1.372162e+003,-2.381029e-001
1.373126e+003,-2.417048e-001
1.374090e+003,-2.414786e-001
1.375055e+003,-2.390142e-001
1.376019e+003,-2.373529e-001
1.376983e+003,-2.377863e-001
1.377948e+003,-2.384888e-001
1.378912e+003,-2.385191e-001
1.379876e+003,-2.383158e-001
1.380840e+003,-2.386662e-001
1.381805e+003,-2.396242e-001
1.382769e+003,-2.397530e-001
1.383733e+003,-2.397511e-001
1.384698e+003,-2.406662e-001
1.385662e+003,-2.436421e-001
1.386626e+003,-2.485773e-001
1.387590e+003,-2.476229e-001
1.388555e+003,-2.427887e-001
1.389519e+003,-2.434157e-001
1.390483e+003,-2.444818e-001
1.391447e+003,-2.446000e-001
1.392412e+003,-2.456367e-001
1.393376e+003,-2.503760e-001
1.394340e+003,-2.540698e-001
1.395304e+003,-2.510974e-001
1.396269e+003,-2.482064e-001
1.397233e+003,-2.482101e-001
1.398197e+003,-2.521785e-001
1.399162e+003,-2.531152e-001
1.400126e+003,-2.479474e-001
1.401090e+003,-2.470183e-001
1.402054e+003,-2.477873e-001
1.403019e+003,-2.488278e-001
1.403983e+003,-2.515518e-001
1.404947e+003,-2.515678e-001
1.405911e+003,-2.472622e-001
1.406876e+003,-2.471365e-001
1.407840e+003,-2.483907e-001
1.408804e+003,-2.486803e-001
1.409769e+003,-2.492176e-001
1.410733e+003,-2.506776e-001
1.411697e+003,-2.508608e-001
1.412661e+003,-2.504224e-001
1.413626e+003,-2.504663e-001
1.414590e+003,-2.512636e-001
1.415554e+003,-2.527956e-001
1.416519e+003,-2.552353e-001
1.417483e+003,-2.573873e-001
1.418447e+003,-2.652239e-001
1.419411e+003,-2.644928e-001
1.420376e+003,-2.526293e-001
1.421340e+003,-2.517889e-001
1.422304e+003,-2.529258e-001
1.423268e+003,-2.565297e-001
1.424233e+003,-2.551249e-001
1.425197e+003,-2.519439e-001
1.426161e+003,-2.512647e-001
1.427125e+003,-2.510675e-001
1.428090e+003,-2.516486e-001
1.429054e+003,-2.548624e-001
1.430018e+003,-2.549542e-001
1.430983e+003,-2.508149e-001
1.431947e+003,-2.505245e-001
1.432911e+003,-2.504465e-001
1.433875e+003,-2.497259e-001
1.434840e+003,-2.531372e-001
1.435804e+003,-2.645263e-001
1.436768e+003,-2.642329e-001
1.437733e+003,-2.514990e-001
1.438697e+003,-2.509400e-001
1.439661e+003,-2.518528e-001
1.440625e+003,-2.524306e-001
1.441590e+003,-2.528286e-001
1.442554e+003,-2.540038e-001
1.443518e+003,-2.540606e-001
1.444482e+003,-2.546373e-001
1.445447e+003,-2.556660e-001
1.446411e+003,-2.587650e-001
1.447375e+003,-2.628824e-001
1.448340e+003,-2.595299e-001
1.449304e+003,-2.561865e-001
1.450268e+003,-2.571862e-001
1.451232e+003,-2.582754e-001
1.452197e+003,-2.579739e-001
1.453161e+003,-2.571146e-001
1.454125e+003,-2.606334e-001
1.455089e+003,-2.674289e-001
1.456054e+003,-2.786738e-001
1.457018e+003,-2.761119e-001
1.457982e+003,-2.680008e-001
1.458947e+003,-2.628570e-001
1.459911e+003,-2.565612e-001
1.460875e+003,-2.552254e-001
1.461839e+003,-2.559786e-001
1.462804e+003,-2.572752e-001
1.463768e+003,-2.628936e-001
1.464732e+003,-2.651667e-001
1.465697e+003,-2.561302e-001
1.466661e+003,-2.534869e-001
1.467625e+003,-2.534345e-001
1.468589e+003,-2.536691e-001
1.469554e+003,-2.546497e-001
1.470518e+003,-2.602710e-001
1.471482e+003,-2.697331e-001
1.472446e+003,-2.694272e-001
1.473411e+003,-2.613239e-001
1.474375e+003,-2.548175e-001
1.475339e+003,-2.597740e-001
1.476303e+003,-2.598326e-001
1.477268e+003,-2.520908e-001
1.478232e+003,-2.508109e-001
1.479196e+003,-2.511744e-001
1.480161e+003,-2.526862e-001
1.481125e+003,-2.527766e-001
1.482089e+003,-2.505030e-001
1.483053e+003,-2.499641e-001
1.484018e+003,-2.500355e-001
1.484982e+003,-2.500860e-001
1.485946e+003,-2.537613e-001
1.486911e+003,-2.583682e-001
1.487875e+003,-2.566448e-001
1.488839e+003,-2.589140e-001
1.489803e+003,-2.634860e-001
1.490768e+003,-2.575929e-001
1.491732e+003,-2.501626e-001
1.492696e+003,-2.488365e-001
1.493660e+003,-2.494911e-001
1.494625e+003,-2.539136e-001
1.495589e+003,-2.626798e-001
1.496553e+003,-2.567056e-001
1.497518e+003,-2.543589e-001
1.498482e+003,-2.592707e-001
1.499446e+003,-2.524907e-001
1.500410e+003,-2.500799e-001
1.501375e+003,-2.508052e-001
1.502339e+003,-2.503085e-001
1.503303e+003,-2.515125e-001
1.504267e+003,-2.603520e-001
1.505232e+003,-2.758211e-001
1.506196e+003,-2.835456e-001
1.507160e+003,-2.716902e-001
1.508125e+003,-2.613512e-001
1.509089e+003,-2.591730e-001
1.510053e+003,-2.548248e-001
1.511017e+003,-2.553797e-001
1.511982e+003,-2.577098e-001
1.512946e+003,-2.527307e-001
1.513910e+003,-2.537656e-001
1.514875e+003,-2.583297e-001
1.515839e+003,-2.631759e-001
1.516803e+003,-2.691468e-001
1.517767e+003,-2.599132e-001
1.518732e+003,-2.570426e-001
1.519696e+003,-2.683391e-001
1.520660e+003,-2.776038e-001
1.521624e+003,-2.702157e-001
1.522589e+003,-2.629987e-001
1.523553e+003,-2.581164e-001
1.524517e+003,-2.642012e-001
1.525481e+003,-2.646167e-001
1.526446e+003,-2.596002e-001
1.527410e+003,-2.611855e-001
1.528374e+003,-2.591133e-001
1.529339e+003,-2.559378e-001
1.530303e+003,-2.564810e-001
1.531267e+003,-2.594805e-001
1.532231e+003,-2.656668e-001
1.533196e+003,-2.735086e-001
1.534160e+003,-2.646192e-001
1.535124e+003,-2.577982e-001
1.536089e+003,-2.582489e-001
1.537053e+003,-2.623771e-001
1.538017e+003,-2.759582e-001
1.538981e+003,-2.889879e-001
1.539946e+003,-2.787223e-001
1.540910e+003,-2.731363e-001
1.541874e+003,-2.732509e-001
1.542838e+003,-2.625970e-001
1.543803e+003,-2.630332e-001
1.544767e+003,-2.661804e-001
1.545731e+003,-2.575378e-001
1.546696e+003,-2.528139e-001
1.547660e+003,-2.540917e-001
1.548624e+003,-2.585130e-001
1.549588e+003,-2.624871e-001
1.550553e+003,-2.561234e-001
1.551517e+003,-2.534740e-001
1.552481e+003,-2.569594e-001
1.553445e+003,-2.652788e-001
1.554410e+003,-2.628718e-001
1.555374e+003,-2.553524e-001
1.556338e+003,-2.655071e-001
1.557302e+003,-2.865760e-001
1.558267e+003,-2.950394e-001
1.559231e+003,-2.895153e-001
1.560195e+003,-2.687885e-001
1.561160e+003,-2.512024e-001
1.562124e+003,-2.522873e-001
1.563088e+003,-2.542565e-001
1.564052e+003,-2.583341e-001
1.565017e+003,-2.568299e-001
1.565981e+003,-2.522039e-001
1.566945e+003,-2.514808e-001
1.567910e+003,-2.562376e-001
1.568874e+003,-2.660016e-001
1.569838e+003,-2.612896e-001
1.570802e+003,-2.500943e-001
1.571767e+003,-2.495411e-001
1.572731e+003,-2.489813e-001
1.573695e+003,-2.498361e-001
1.574659e+003,-2.575325e-001
1.575624e+003,-2.692043e-001
1.576588e+003,-2.554349e-001
1.577552e+003,-2.460051e-001
1.578517e+003,-2.453638e-001
1.579481e+003,-2.438692e-001
1.580445e+003,-2.433695e-001
1.581409e+003,-2.432427e-001
1.582374e+003,-2.423761e-001
1.583338e+003,-2.415638e-001
1.584302e+003,-2.408795e-001
1.585266e+003,-2.405624e-001
1.586231e+003,-2.398579e-001
1.587195e+003,-2.393823e-001
1.588159e+003,-2.393921e-001
1.589124e+003,-2.394359e-001
1.590088e+003,-2.386423e-001
1.591052e+003,-2.378880e-001
1.592016e+003,-2.371031e-001
1.592981e+003,-2.368624e-001
1.593945e+003,-2.371095e-001
1.594909e+003,-2.359352e-001
1.595873e+003,-2.345763e-001
1.596838e+003,-2.336798e-001
1.597802e+003,-2.325960e-001
1.598766e+003,-2.324533e-001
1.599731e+003,-2.318649e-001
1.600695e+003,-2.311819e-001
1.601659e+003,-2.305818e-001
1.602623e+003,-2.304575e-001
1.603588e+003,-2.290824e-001
1.604552e+003,-2.272964e-001
1.605516e+003,-2.269865e-001
1.606480e+003,-2.274609e-001
1.607445e+003,-2.264050e-001
1.608409e+003,-2.261759e-001
1.609373e+003,-2.256300e-001
1.610338e+003,-2.233552e-001
1.611302e+003,-2.221226e-001
1.612266e+003,-2.216224e-001
1.613230e+003,-2.213270e-001
1.614195e+003,-2.222541e-001
1.615159e+003,-2.286345e-001
1.616123e+003,-2.388276e-001
1.617088e+003,-2.260794e-001
1.618052e+003,-2.167218e-001
1.619016e+003,-2.166954e-001
1.619980e+003,-2.163844e-001
1.620945e+003,-2.168774e-001
1.621909e+003,-2.204185e-001
1.622873e+003,-2.269630e-001
1.623837e+003,-2.199279e-001
1.624802e+003,-2.130849e-001
1.625766e+003,-2.136696e-001
1.626730e+003,-2.168122e-001
1.627694e+003,-2.178954e-001
1.628659e+003,-2.118427e-001
1.629623e+003,-2.100320e-001
1.630587e+003,-2.103370e-001
1.631552e+003,-2.102284e-001
1.632516e+003,-2.099297e-001
1.633480e+003,-2.149411e-001
1.634444e+003,-2.308192e-001
1.635409e+003,-2.326725e-001
1.636373e+003,-2.142813e-001
1.637337e+003,-2.127322e-001
1.638302e+003,-2.075439e-001
1.639266e+003,-2.061002e-001
1.640230e+003,-2.059357e-001
1.641194e+003,-2.054924e-001
1.642159e+003,-2.045023e-001
1.643123e+003,-2.038188e-001
1.644087e+003,-2.062483e-001
1.645051e+003,-2.165370e-001
1.646016e+003,-2.197981e-001
1.646980e+003,-2.152952e-001
1.647944e+003,-2.110049e-001
1.648909e+003,-2.027871e-001
1.649873e+003,-2.025964e-001
1.650837e+003,-2.102859e-001
1.651801e+003,-2.298142e-001
1.652766e+003,-2.420092e-001
1.653730e+003,-2.163220e-001
1.654694e+003,-2.030822e-001
1.655658e+003,-1.976218e-001
1.656623e+003,-1.982413e-001
1.657587e+003,-1.976721e-001
1.658551e+003,-1.970047e-001
1.659516e+003,-1.960373e-001
1.660480e+003,-1.969216e-001
1.661444e+003,-2.019911e-001
1.662408e+003,-2.066379e-001
1.663373e+003,-1.977895e-001
1.664337e+003,-1.939757e-001
1.665301e+003,-1.942139e-001
1.666266e+003,-1.941355e-001
1.667230e+003,-1.971746e-001
1.668194e+003,-2.061283e-001
1.669158e+003,-2.071332e-001
1.670123e+003,-1.984337e-001
1.671087e+003,-1.990711e-001
1.672051e+003,-1.947228e-001
1.673015e+003,-1.923878e-001
1.673980e+003,-2.003088e-001
1.674944e+003,-2.079125e-001
1.675908e+003,-1.932663e-001
1.676872e+003,-1.881393e-001
1.677837e+003,-1.896389e-001
1.678801e+003,-1.909836e-001
1.679765e+003,-1.928535e-001
1.680730e+003,-1.909005e-001
1.681694e+003,-1.933533e-001
1.682658e+003,-2.045135e-001
1.683622e+003,-2.186686e-001
1.684587e+003,-2.089663e-001
1.685551e+003,-1.850384e-001
1.686515e+003,-1.835088e-001
1.687479e+003,-1.870348e-001
1.688444e+003,-1.876396e-001
1.689408e+003,-1.873778e-001
1.690372e+003,-1.854296e-001
1.691337e+003,-1.823548e-001
1.692301e+003,-1.815928e-001
1.693265e+003,-1.824806e-001
1.694229e+003,-1.903350e-001
1.695194e+003,-2.036873e-001
1.696158e+003,-1.887408e-001
1.697122e+003,-1.795492e-001
1.698087e+003,-1.855167e-001
1.699051e+003,-2.018578e-001
1.700015e+003,-2.172018e-001
1.700979e+003,-1.833864e-001
1.701944e+003,-1.754443e-001
1.702908e+003,-1.791985e-001
1.703872e+003,-1.833249e-001
1.704836e+003,-1.817583e-001
1.705801e+003,-1.826336e-001
1.706765e+003,-1.785249e-001
1.707729e+003,-1.727342e-001
1.708693e+003,-1.733889e-001
1.709658e+003,-1.748182e-001
1.710622e+003,-1.731917e-001
1.711586e+003,-1.717820e-001
1.712551e+003,-1.744654e-001
1.713515e+003,-1.800903e-001
1.714479e+003,-1.845003e-001
1.715443e+003,-1.800841e-001
1.716408e+003,-1.843479e-001
1.717372e+003,-1.908380e-001
1.718336e+003,-1.819081e-001
1.719301e+003,-1.725853e-001
1.720265e+003,-1.700153e-001
1.721229e+003,-1.706803e-001
1.722193e+003,-1.715182e-001
1.723158e+003,-1.722663e-001
1.724122e+003,-1.700517e-001
1.725086e+003,-1.699839e-001
1.726050e+003,-1.708761e-001
1.727015e+003,-1.709760e-001
1.727979e+003,-1.713570e-001
1.728943e+003,-1.754127e-001
1.729908e+003,-1.775360e-001
1.730872e+003,-1.742850e-001
1.731836e+003,-1.780063e-001
1.732800e+003,-1.904463e-001
1.733765e+003,-1.982833e-001
1.734729e+003,-1.818147e-001
1.735693e+003,-1.722084e-001
1.736657e+003,-1.746697e-001
1.737622e+003,-1.765057e-001
1.738586e+003,-1.830962e-001
1.739550e+003,-1.880803e-001
1.740515e+003,-1.786085e-001
1.741479e+003,-1.763379e-001
1.742443e+003,-1.811853e-001
1.743407e+003,-1.819335e-001
1.744372e+003,-1.802302e-001
1.745336e+003,-1.809491e-001
1.746300e+003,-1.832399e-001
1.747265e+003,-1.863650e-001
1.748229e+003,-1.890734e-001
1.749193e+003,-1.869289e-001
1.750157e+003,-1.899589e-001
1.751122e+003,-1.914217e-001
1.752086e+003,-1.813474e-001
1.753050e+003,-1.812179e-001
1.754014e+003,-1.822297e-001
1.754979e+003,-1.836547e-001
1.755943e+003,-1.885305e-001
1.756907e+003,-1.883713e-001
1.757871e+003,-1.839299e-001
1.758836e+003,-1.840091e-001
1.759800e+003,-1.848792e-001
1.760764e+003,-1.918151e-001
1.761729e+003,-1.933051e-001
1.762693e+003,-1.854182e-001
1.763657e+003,-1.845808e-001
1.764621e+003,-1.853317e-001
1.765586e+003,-1.852797e-001
1.766550e+003,-1.879092e-001
1.767514e+003,-1.925819e-001
1.768479e+003,-1.880477e-001
1.769443e+003,-1.857751e-001
1.770407e+003,-1.939349e-001
1.771371e+003,-2.003171e-001
1.772336e+003,-1.985737e-001
1.773300e+003,-1.855653e-001
1.774264e+003,-1.839551e-001
1.775228e+003,-1.858234e-001
1.776193e+003,-1.826014e-001
1.777157e+003,-1.800997e-001
1.778121e+003,-1.806518e-001
1.779086e+003,-1.820831e-001
1.780050e+003,-1.848273e-001
1.781014e+003,-1.822759e-001
1.781978e+003,-1.795357e-001
1.782943e+003,-1.792490e-001
1.783907e+003,-1.817206e-001
1.784871e+003,-1.820740e-001
1.785835e+003,-1.782167e-001
1.786800e+003,-1.769779e-001
1.787764e+003,-1.759914e-001
1.788728e+003,-1.756779e-001
1.789693e+003,-1.790739e-001
1.790657e+003,-1.834699e-001
1.791621e+003,-1.871561e-001
1.792585e+003,-1.843509e-001
1.793550e+003,-1.735484e-001
1.794514e+003,-1.734653e-001
1.795478e+003,-1.745958e-001
1.796443e+003,-1.727148e-001
1.797407e+003,-1.711513e-001
1.798371e+003,-1.731417e-001
1.799335e+003,-1.744050e-001
1.800300e+003,-1.707308e-001
1.801264e+003,-1.697599e-001
1.802228e+003,-1.689056e-001
1.803192e+003,-1.656139e-001
1.804157e+003,-1.637173e-001
1.805121e+003,-1.625705e-001
1.806085e+003,-1.619437e-001
1.807049e+003,-1.613577e-001
1.808014e+003,-1.593358e-001
1.808978e+003,-1.579249e-001
1.809942e+003,-1.590537e-001
1.810907e+003,-1.569777e-001
1.811871e+003,-1.528431e-001
1.812835e+003,-1.501543e-001
1.813799e+003,-1.467628e-001
1.814764e+003,-1.436167e-001
1.815728e+003,-1.400829e-001
1.816692e+003,-1.361667e-001
1.817656e+003,-1.319465e-001
1.818621e+003,-1.291083e-001
1.819585e+003,-1.274350e-001
1.820549e+003,-1.259880e-001
1.821514e+003,-1.249416e-001
1.822478e+003,-1.241278e-001
1.823442e+003,-1.239121e-001
1.824406e+003,-1.273078e-001
1.825371e+003,-1.242012e-001
1.826335e+003,-1.176931e-001
1.827299e+003,-1.171738e-001
1.828264e+003,-1.198964e-001
1.829228e+003,-1.243425e-001
1.830192e+003,-1.188315e-001
1.831156e+003,-1.110260e-001
1.832121e+003,-1.099706e-001
1.833085e+003,-1.089756e-001
1.834049e+003,-1.074897e-001
1.835013e+003,-1.049888e-001
1.835978e+003,-1.031493e-001
1.836942e+003,-1.024594e-001
1.837906e+003,-1.002154e-001
1.838870e+003,-9.737100e-002
1.839835e+003,-9.544767e-002
1.840799e+003,-9.462846e-002
1.841763e+003,-9.437687e-002
1.842728e+003,-9.722194e-002
1.843692e+003,-1.031028e-001
1.844656e+003,-9.390544e-002
1.845620e+003,-8.664767e-002
1.846585e+003,-8.632004e-002
1.847549e+003,-8.467815e-002
1.848513e+003,-8.126501e-002
1.849478e+003,-7.895427e-002
1.850442e+003,-7.780550e-002
1.851406e+003,-7.700511e-002
1.852370e+003,-7.634053e-002
1.853335e+003,-7.523054e-002
1.854299e+003,-7.337415e-002
1.855263e+003,-7.122675e-002
1.856227e+003,-6.985403e-002
1.857192e+003,-6.842332e-002
1.858156e+003,-6.650535e-002
1.859120e+003,-6.554035e-002
1.860085e+003,-6.509287e-002
1.861049e+003,-6.342721e-002
1.862013e+003,-6.119192e-002
1.862977e+003,-5.953423e-002
1.863942e+003,-5.853723e-002
1.864906e+003,-5.838247e-002
1.865870e+003,-5.870631e-002
1.866834e+003,-5.922049e-002
1.867799e+003,-5.981933e-002
1.868763e+003,-5.893714e-002
1.869727e+003,-5.229451e-002
1.870692e+003,-4.752358e-002
1.871656e+003,-4.658156e-002
1.872620e+003,-4.535130e-002
1.873584e+003,-4.372992e-002
1.874549e+003,-4.149774e-002
1.875513e+003,-3.994098e-002
1.876477e+003,-3.878981e-002
1.877442e+003,-3.734034e-002
1.878406e+003,-3.555178e-002
1.879370e+003,-3.387534e-002
1.880334e+003,-3.220969e-002
1.881299e+003,-3.089191e-002
1.882263e+003,-2.899200e-002
1.883227e+003,-2.831238e-002
1.884191e+003,-2.732590e-002
1.885156e+003,-2.410325e-002
1.886120e+003,-2.141771e-002
1.887084e+003,-2.001325e-002
1.888048e+003,-2.038893e-002
1.889013e+003,-2.216087e-002
1.889977e+003,-1.745639e-002
1.890941e+003,-1.276770e-002
1.891906e+003,-1.247250e-002
1.892870e+003,-1.213309e-002
1.893834e+003,-1.136716e-002
1.894798e+003,-9.355977e-003
1.895763e+003,-5.540045e-003
1.896727e+003,-3.425931e-003
1.897691e+003,-1.853302e-003
1.898656e+003,1.607298e-004
1.899620e+003,1.824410e-003
1.900584e+003,3.211299e-003
1.901548e+003,4.968465e-003
1.902513e+003,6.774365e-003
1.903477e+003,8.166542e-003
1.904441e+003,1.020863e-002
1.905405e+003,1.232383e-002
1.906370e+003,1.427564e-002
1.907334e+003,1.568112e-002
1.908298e+003,1.701039e-002
1.909263e+003,1.779135e-002
1.910227e+003,2.074989e-002
1.911191e+003,2.431697e-002
1.912155e+003,2.638679e-002
1.913120e+003,2.805276e-002
1.914084e+003,2.971694e-002
1.915048e+003,3.149443e-002
1.916012e+003,3.309764e-002
1.916977e+003,3.189837e-002
1.917941e+003,3.303045e-002
1.918905e+003,3.893444e-002
1.919870e+003,4.030949e-002
1.920834e+003,4.095322e-002
1.921798e+003,4.130964e-002
1.922762e+003,4.471010e-002
1.923727e+003,5.139624e-002
1.924691e+003,5.532877e-002
1.925655e+003,5.825650e-002
1.926620e+003,6.097114e-002
1.927584e+003,6.335255e-002
1.928548e+003,6.636771e-002
1.929512e+003,6.984153e-002
1.930477e+003,7.382945e-002
1.931441e+003,7.704383e-002
1.932405e+003,8.065229e-002
1.933369e+003,8.421005e-002
1.934334e+003,8.762136e-002
1.935298e+003,9.030487e-002
1.936262e+003,9.356940e-002
1.937226e+003,9.710977e-002
1.938191e+003,9.920530e-002
1.939155e+003,1.016814e-001
1.940119e+003,1.052981e-001
1.941084e+003,1.076805e-001
1.942048e+003,1.091678e-001
1.943012e+003,1.150776e-001
1.943976e+003,1.199252e-001
1.944941e+003,1.226638e-001
1.945905e+003,1.266971e-001
1.946869e+003,1.298160e-001
1.947833e+003,1.327090e-001
1.948798e+003,1.357778e-001
1.949762e+003,1.393837e-001
1.950726e+003,1.428504e-001
1.951691e+003,1.463849e-001
1.952655e+003,1.500199e-001
1.953619e+003,1.539018e-001
1.954583e+003,1.578702e-001
1.955548e+003,1.626937e-001
1.956512e+003,1.684131e-001
1.957476e+003,1.746485e-001
1.958441e+003,1.814363e-001
1.959405e+003,1.885018e-001
1.960369e+003,1.920535e-001
1.961333e+003,1.956332e-001
1.962298e+003,1.998989e-001
1.963262e+003,2.037106e-001
1.964226e+003,2.071334e-001
1.965190e+003,2.104808e-001
1.966155e+003,2.128319e-001
1.967119e+003,2.153177e-001
1.968083e+003,2.198594e-001
1.969047e+003,2.238342e-001
1.970012e+003,2.268721e-001
1.970976e+003,2.305517e-001
1.971940e+003,2.344823e-001
1.972905e+003,2.373015e-001
1.973869e+003,2.401842e-001
1.974833e+003,2.443106e-001
1.975797e+003,2.471999e-001
1.976762e+003,2.478673e-001
1.977726e+003,2.447441e-001
1.978690e+003,2.372198e-001
1.979655e+003,2.285656e-001
1.980619e+003,2.221883e-001
1.981583e+003,2.175094e-001
1.982547e+003,2.136221e-001
1.983512e+003,2.101519e-001
1.984476e+003,2.067347e-001
1.985440e+003,2.034602e-001
1.986404e+003,2.020420e-001
1.987369e+003,2.010254e-001
1.988333e+003,1.995320e-001
1.989297e+003,1.978767e-001
1.990261e+003,1.964005e-001
1.991226e+003,1.940430e-001
1.992190e+003,1.938023e-001
1.993154e+003,1.943099e-001
1.994119e+003,1.942065e-001
1.995083e+003,1.939339e-001
1.996047e+003,1.949471e-001
1.997011e+003,1.965574e-001
1.997976e+003,1.970926e-001
1.998940e+003,1.979011e-001
1.999904e+003,1.998086e-001
2.000869e+003,2.033649e-001
2.001833e+003,2.085434e-001
2.002797e+003,2.128009e-001
2.003761e+003,2.180666e-001
2.004726e+003,2.236530e-001
2.005690e+003,2.288094e-001
2.006654e+003,2.324887e-001
2.007618e+003,2.341697e-001
2.008583e+003,2.350427e-001
2.009547e+003,2.355502e-001
2.010511e+003,2.361289e-001
2.011476e+003,2.369424e-001
2.012440e+003,2.372762e-001
2.013404e+003,2.380006e-001
2.014368e+003,2.379412e-001
2.015333e+003,2.382187e-001
2.016297e+003,2.381109e-001
2.017261e+003,2.397558e-001
2.018225e+003,2.421875e-001
2.019190e+003,2.443333e-001
2.020154e+003,2.457421e-001
2.021118e+003,2.462445e-001
2.022083e+003,2.458431e-001
2.023047e+003,2.460713e-001
2.024011e+003,2.477331e-001
2.024975e+003,2.488629e-001
2.025940e+003,2.483990e-001
2.026904e+003,2.481473e-001
2.027868e+003,2.485638e-001
2.028833e+003,2.489298e-001
2.029797e+003,2.471209e-001
2.030761e+003,2.469401e-001
2.031725e+003,2.476053e-001
2.032690e+003,2.474460e-001
2.033654e+003,2.454852e-001
2.034618e+003,2.418635e-001
2.035582e+003,2.376268e-001
2.036547e+003,2.337660e-001
2.037511e+003,2.285655e-001
2.038475e+003,2.230868e-001
2.039439e+003,2.185652e-001
2.040404e+003,2.142966e-001
2.041368e+003,2.106976e-001
2.042332e+003,2.075184e-001
2.043297e+003,2.037740e-001
2.044261e+003,2.007397e-001
2.045225e+003,1.986928e-001
2.046189e+003,1.952190e-001
2.047154e+003,1.889534e-001
2.048118e+003,1.832369e-001
2.049082e+003,1.765985e-001
2.050047e+003,1.666218e-001
2.051011e+003,1.564805e-001
2.051975e+003,1.510498e-001
2.052939e+003,1.479721e-001
2.053904e+003,1.446258e-001
2.054868e+003,1.400497e-001
2.055832e+003,1.354554e-001
2.056796e+003,1.325925e-001
2.057761e+003,1.308894e-001
2.058725e+003,1.290149e-001
2.059689e+003,1.278100e-001
2.060654e+003,1.264655e-001
2.061618e+003,1.236290e-001
2.062582e+003,1.199879e-001
2.063546e+003,1.178396e-001
2.064511e+003,1.168307e-001
2.065475e+003,1.152324e-001
2.066439e+003,1.122925e-001
2.067404e+003,1.100703e-001
2.068368e+003,1.084952e-001
2.069332e+003,1.066530e-001
2.070296e+003,1.037076e-001
2.071260e+003,1.008448e-001
2.072225e+003,9.875215e-002
2.073189e+003,9.742671e-002
2.074153e+003,9.514289e-002
2.075118e+003,9.219214e-002
2.076082e+003,8.912011e-002
2.077046e+003,8.632525e-002
2.078010e+003,8.457330e-002
2.078975e+003,8.288323e-002
2.079939e+003,8.014822e-002
2.080903e+003,7.721851e-002
2.081868e+003,7.479423e-002
2.082832e+003,7.289100e-002
2.083796e+003,7.105519e-002
2.084760e+003,6.935159e-002
2.085725e+003,6.717770e-002
2.086689e+003,6.584023e-002
2.087653e+003,6.549993e-002
2.088617e+003,6.556143e-002
2.089582e+003,6.541421e-002
2.090546e+003,6.533059e-002
2.091510e+003,6.540590e-002
2.092475e+003,6.681545e-002
2.093439e+003,6.853320e-002
2.094403e+003,7.051045e-002
2.095367e+003,7.157135e-002
2.096332e+003,7.112911e-002
2.097296e+003,6.968527e-002
2.098260e+003,6.908292e-002
2.099225e+003,6.874780e-002
2.100189e+003,6.753968e-002
2.101153e+003,6.645261e-002
2.102117e+003,6.522689e-002
2.103082e+003,6.453972e-002
2.104046e+003,6.485961e-002
2.105010e+003,6.456044e-002
2.105974e+003,6.353143e-002
2.106939e+003,6.263740e-002
2.107903e+003,6.172422e-002
2.108867e+003,6.031370e-002
2.109832e+003,5.879313e-002
2.110796e+003,5.814701e-002
2.111760e+003,5.789123e-002
2.112724e+003,5.686726e-002
2.113689e+003,5.558247e-002
2.114653e+003,5.487624e-002
2.115617e+003,5.492238e-002
2.116582e+003,5.508800e-002
2.117546e+003,5.547264e-002
2.118510e+003,5.652932e-002
2.119474e+003,5.834612e-002
2.120438e+003,6.021720e-002
2.121403e+003,6.203328e-002
2.122367e+003,6.464638e-002
2.123331e+003,6.730276e-002
2.124296e+003,6.968056e-002
2.125260e+003,7.241217e-002
2.126224e+003,7.650512e-002
2.127188e+003,8.201975e-002
2.128153e+003,8.661391e-002
2.129117e+003,9.159496e-002
2.130081e+003,9.799406e-002
2.131046e+003,1.050338e-001
2.132010e+003,1.121684e-001
2.132974e+003,1.201500e-001
2.133938e+003,1.271007e-001
2.134903e+003,1.319456e-001
2.135867e+003,1.365467e-001
2.136831e+003,1.420409e-001
2.137795e+003,1.471412e-001
2.138760e+003,1.511765e-001
2.139724e+003,1.547542e-001
2.140688e+003,1.598524e-001
2.141653e+003,1.657844e-001
2.142617e+003,1.713676e-001
2.143581e+003,1.762230e-001
2.144545e+003,1.809339e-001
2.145510e+003,1.851723e-001
2.146474e+003,1.905282e-001
2.147438e+003,1.966417e-001
2.148403e+003,2.022864e-001
2.149367e+003,2.071899e-001
2.150331e+003,2.122783e-001
2.151295e+003,2.175676e-001
2.152260e+003,2.246837e-001
2.153224e+003,2.325836e-001
2.154188e+003,2.409780e-001
2.155152e+003,2.507384e-001
2.156117e+003,2.624687e-001
2.157081e+003,2.732692e-001
2.158045e+003,2.803570e-001
2.159010e+003,2.799854e-001
2.159974e+003,2.748833e-001
2.160938e+003,2.675037e-001
2.161902e+003,2.602416e-001
2.162867e+003,2.529707e-001
2.163831e+003,2.478310e-001
2.164795e+003,2.431680e-001
2.165760e+003,2.366424e-001
2.166724e+003,2.308739e-001
2.167688e+003,2.263086e-001
2.168652e+003,2.212476e-001
2.169616e+003,2.174748e-001
2.170581e+003,2.155249e-001
2.171545e+003,2.143945e-001
2.172509e+003,2.134466e-001
2.173474e+003,2.130787e-001
2.174438e+003,2.133269e-001
2.175402e+003,2.129968e-001
2.176366e+003,2.119634e-001
2.177331e+003,2.106664e-001
2.178295e+003,2.094654e-001
2.179259e+003,2.090096e-001
2.180223e+003,2.084546e-001
2.181188e+003,2.072238e-001
2.182152e+003,2.050285e-001
2.183116e+003,2.030562e-001
2.184081e+003,2.003933e-001
2.185045e+003,1.969486e-001
2.186009e+003,1.931854e-001
2.186973e+003,1.904724e-001
2.187938e+003,1.883213e-001
2.188902e+003,1.865099e-001
2.189866e+003,1.846607e-001
2.190831e+003,1.817361e-001
2.191795e+003,1.781191e-001
2.192759e+003,1.753663e-001
2.193723e+003,1.738756e-001
2.194688e+003,1.730007e-001
2.195652e+003,1.709235e-001
2.196616e+003,1.682636e-001
2.197580e+003,1.661520e-001
2.198545e+003,1.653892e-001
2.199509e+003,1.645892e-001
2.200473e+003,1.626762e-001
2.201438e+003,1.607699e-001
2.202402e+003,1.587796e-001
2.203366e+003,1.569415e-001
2.204330e+003,1.552293e-001
2.205295e+003,1.536140e-001
2.206259e+003,1.520151e-001
2.207223e+003,1.510039e-001
2.208188e+003,1.501167e-001
2.209152e+003,1.481292e-001
2.210116e+003,1.461359e-001
2.211080e+003,1.449807e-001
2.212044e+003,1.439739e-001
2.213009e+003,1.425677e-001
2.213973e+003,1.414055e-001
2.214937e+003,1.401003e-001
2.215902e+003,1.383483e-001
2.216866e+003,1.361905e-001
2.217830e+003,1.347904e-001
2.218794e+003,1.335739e-001
2.219759e+003,1.313639e-001
2.220723e+003,1.286514e-001
2.221687e+003,1.277450e-001
2.222652e+003,1.262271e-001
2.223616e+003,1.238199e-001
2.224580e+003,1.214712e-001
2.225544e+003,1.191683e-001
2.226509e+003,1.172158e-001
2.227473e+003,1.162417e-001
2.228437e+003,1.150912e-001
2.229401e+003,1.125726e-001
2.230366e+003,1.098396e-001
2.231330e+003,1.082799e-001
2.232294e+003,1.067064e-001
2.233259e+003,1.047249e-001
2.234223e+003,1.027168e-001
2.235187e+003,1.003303e-001
2.236151e+003,9.804455e-002
2.237116e+003,9.628307e-002
2.238080e+003,9.421169e-002
2.239044e+003,9.171694e-002
2.240009e+003,8.884524e-002
2.240973e+003,8.681522e-002
2.241937e+003,8.510394e-002
2.242901e+003,8.394726e-002
2.243865e+003,8.305234e-002
2.244830e+003,8.044300e-002
2.245794e+003,7.711577e-002
2.246758e+003,7.557531e-002
2.247723e+003,7.437488e-002
2.248687e+003,7.276385e-002
2.249651e+003,7.162078e-002
2.250615e+003,7.032060e-002
2.251580e+003,6.833561e-002
2.252544e+003,6.677666e-002
2.253508e+003,6.474952e-002
2.254473e+003,6.306472e-002
2.255437e+003,6.215832e-002
2.256401e+003,6.019250e-002
2.257365e+003,5.686772e-002
2.258330e+003,5.442148e-002
2.259294e+003,5.242416e-002
2.260258e+003,5.016749e-002
2.261222e+003,4.794364e-002
2.262187e+003,4.570080e-002
2.263151e+003,4.434654e-002
2.264115e+003,4.270489e-002
2.265080e+003,3.981684e-002
2.266044e+003,3.637687e-002
2.267008e+003,3.380332e-002
2.267972e+003,3.224390e-002
2.268937e+003,3.026305e-002
2.269901e+003,2.749703e-002
2.270865e+003,2.559825e-002
2.271830e+003,2.387391e-002
2.272794e+003,2.143313e-002
2.273758e+003,1.780788e-002
2.274722e+003,1.363228e-002
2.275687e+003,9.920793e-003
2.276651e+003,6.355865e-003
2.277615e+003,3.120415e-003
2.278579e+003,-7.832181e-005
2.279544e+003,-3.302571e-003
2.280508e+003,-5.345811e-003
2.281472e+003,-9.257515e-003
2.282437e+003,-1.405828e-002
2.283401e+003,-1.856976e-002
2.284365e+003,-2.237250e-002
2.285329e+003,-2.544401e-002
2.286294e+003,-2.837893e-002
2.287258e+003,-3.171837e-002
2.288222e+003,-3.520840e-002
2.289187e+003,-4.045615e-002
2.290151e+003,-4.430637e-002
2.291115e+003,-4.641140e-002
2.292079e+003,-4.909180e-002
2.293043e+003,-5.289784e-002
2.294008e+003,-5.458407e-002
2.294972e+003,-5.497210e-002
2.295936e+003,-5.507202e-002
2.296901e+003,-5.442687e-002
2.297865e+003,-5.231393e-002
2.298829e+003,-5.127794e-002
2.299793e+003,-5.461417e-002
2.300758e+003,-6.072832e-002
2.301722e+003,-6.649128e-002
2.302686e+003,-7.217961e-002
2.303651e+003,-7.746552e-002
2.304615e+003,-8.223755e-002
2.305579e+003,-8.612193e-002
2.306543e+003,-8.981335e-002
2.307508e+003,-9.204919e-002
2.308472e+003,-9.550560e-002
2.309436e+003,-9.782228e-002
2.310400e+003,-1.025768e-001
2.311365e+003,-1.043104e-001
2.312329e+003,-1.071425e-001
2.313293e+003,-1.083017e-001
2.314258e+003,-1.123774e-001
2.315222e+003,-1.141753e-001
2.316186e+003,-1.176558e-001
2.317150e+003,-1.203219e-001
2.318115e+003,-1.243328e-001
2.319079e+003,-1.262512e-001
2.320043e+003,-1.293343e-001
2.321008e+003,-1.323269e-001
2.321972e+003,-1.364749e-001
2.322936e+003,-1.411893e-001
2.323900e+003,-1.470369e-001
2.324865e+003,-1.513732e-001
2.325829e+003,-1.522979e-001
2.326793e+003,-1.506761e-001
2.327757e+003,-1.485390e-001
2.328722e+003,-1.464322e-001
2.329686e+003,-1.441773e-001
2.330650e+003,-1.412334e-001
2.331615e+003,-1.354409e-001
2.332579e+003,-1.298969e-001
2.333543e+003,-1.243933e-001
2.334507e+003,-1.183362e-001
2.335472e+003,-1.109506e-001
2.336436e+003,-1.025863e-001
2.337400e+003,-9.299587e-002
2.338365e+003,-8.248115e-002
2.339329e+003,-7.079213e-002
2.340293e+003,-5.917678e-002
2.341257e+003,-4.585372e-002
2.342221e+003,-3.212071e-002
2.343186e+003,-1.712531e-002
2.344150e+003,-1.519924e-004
2.345114e+003,1.669239e-002
2.346079e+003,3.405447e-002
2.347043e+003,5.360137e-002
2.348007e+003,7.427092e-002
2.348971e+003,9.518860e-002
2.349936e+003,1.181029e-001
2.350900e+003,1.441973e-001
2.351864e+003,1.709790e-001
2.352829e+003,2.000082e-001
2.353793e+003,2.324300e-001
2.354757e+003,2.653370e-001
2.355721e+003,2.993621e-001
2.356686e+003,3.349482e-001
2.357650e+003,3.731710e-001
2.358614e+003,4.174755e-001
2.359578e+003,4.693066e-001
2.360543e+003,5.281019e-001
2.361507e+003,5.928451e-001
2.362471e+003,6.676255e-001
2.363436e+003,7.528204e-001
2.364400e+003,8.412955e-001
2.365364e+003,9.314683e-001
2.366328e+003,1.021995e+000
2.367293e+003,1.107955e+000
2.368257e+003,1.156249e+000
2.369221e+003,1.187106e+000
2.370186e+003,1.185135e+000
2.371150e+003,1.140420e+000
2.372114e+003,1.073994e+000
2.373078e+003,9.949529e-001
2.374042e+003,9.102941e-001
2.375007e+003,8.189572e-001
2.375971e+003,7.309153e-001
2.376935e+003,6.526814e-001
2.377900e+003,5.801203e-001
2.378864e+003,5.154015e-001
2.379828e+003,4.562751e-001
2.380792e+003,4.025491e-001
2.381757e+003,3.544433e-001
2.382721e+003,3.107224e-001
2.383685e+003,2.723406e-001
2.384650e+003,2.385414e-001
2.385614e+003,2.082952e-001
2.386578e+003,1.802449e-001
2.387542e+003,1.546448e-001
2.388507e+003,1.312771e-001
2.389471e+003,1.121184e-001
2.390435e+003,9.510907e-002
2.391399e+003,7.873054e-002
2.392364e+003,6.430102e-002
2.393328e+003,5.232237e-002
2.394292e+003,4.108720e-002
2.395257e+003,3.093343e-002
2.396221e+003,2.215549e-002
2.397185e+003,1.442445e-002
2.398149e+003,6.364540e-003
2.399114e+003,-6.102645e-004
2.400078e+003,-6.285122e-003
2.401042e+003,-1.059959e-002
2.402007e+003,-1.429961e-002
2.402971e+003,-1.758734e-002
2.403935e+003,-2.134295e-002
2.404899e+003,-2.361794e-002
2.405864e+003,-2.489493e-002
2.406828e+003,-2.720936e-002
2.407792e+003,-2.940818e-002
2.408756e+003,-3.091867e-002
2.409721e+003,-3.262022e-002
2.410685e+003,-3.412664e-002
2.411649e+003,-3.596905e-002
2.412614e+003,-3.728880e-002
2.413578e+003,-3.754011e-002
2.414542e+003,-3.779195e-002
2.415506e+003,-3.833300e-002
2.416471e+003,-3.814406e-002
2.417435e+003,-3.818785e-002
2.418399e+003,-3.873838e-002
2.419364e+003,-3.852564e-002
2.420328e+003,-3.795999e-002
2.421292e+003,-3.874560e-002
2.422256e+003,-3.957359e-002
2.423220e+003,-4.023510e-002
2.424185e+003,-4.056741e-002
2.425149e+003,-4.003765e-002
2.426113e+003,-3.966342e-002
2.427078e+003,-4.036214e-002
2.428042e+003,-4.031340e-002
2.429006e+003,-4.031558e-002
2.429970e+003,-4.110643e-002
2.430935e+003,-4.080177e-002
2.431899e+003,-3.994935e-002
2.432863e+003,-4.034037e-002
2.433828e+003,-4.132274e-002
2.434792e+003,-4.293666e-002
2.435756e+003,-4.434927e-002
2.436720e+003,-4.454988e-002
2.437685e+003,-4.427022e-002
2.438649e+003,-4.497090e-002
2.439613e+003,-4.573585e-002
2.440577e+003,-4.611148e-002
2.441542e+003,-4.656290e-002
2.442506e+003,-4.746525e-002
2.443470e+003,-4.796292e-002
2.444435e+003,-4.917675e-002
2.445399e+003,-5.038585e-002
2.446363e+003,-5.096348e-002
2.447327e+003,-5.200795e-002
2.448292e+003,-5.337499e-002
2.449256e+003,-5.522742e-002
2.450220e+003,-5.589926e-002
2.451185e+003,-5.560187e-002
2.452149e+003,-5.610337e-002
2.453113e+003,-5.680512e-002
2.454077e+003,-5.823828e-002
2.455042e+003,-5.934352e-002
2.456006e+003,-5.987800e-002
2.456970e+003,-6.070916e-002
2.457934e+003,-6.211892e-002
2.458899e+003,-6.334753e-002
2.459863e+003,-6.423142e-002
2.460827e+003,-6.479454e-002
2.461792e+003,-6.454244e-002
2.462756e+003,-6.447827e-002
2.463720e+003,-6.510140e-002
2.464684e+003,-6.483424e-002
2.465649e+003,-6.475610e-002
2.466613e+003,-6.529094e-002
2.467577e+003,-6.525581e-002
2.468542e+003,-6.561377e-002
2.469506e+003,-6.637754e-002
2.470470e+003,-6.630013e-002
2.471434e+003,-6.654640e-002
2.472398e+003,-6.647673e-002
2.473363e+003,-6.604540e-002
2.474327e+003,-6.566901e-002
2.475291e+003,-6.637731e-002
2.476256e+003,-6.641372e-002
2.477220e+003,-6.617218e-002
2.478184e+003,-6.608468e-002
2.479148e+003,-6.539387e-002
2.480113e+003,-6.427257e-002
2.481077e+003,-6.364176e-002
2.482041e+003,-6.417586e-002
2.483006e+003,-6.548849e-002
2.483970e+003,-6.508391e-002
2.484934e+003,-6.446896e-002
2.485898e+003,-6.405651e-002
2.486863e+003,-6.422704e-002
2.487827e+003,-6.464347e-002
2.488791e+003,-6.441217e-002
2.489755e+003,-6.390487e-002
2.490720e+003,-6.337951e-002
2.491684e+003,-6.361903e-002
2.492648e+003,-6.421708e-002
2.493613e+003,-6.358308e-002
2.494577e+003,-6.385879e-002
2.495541e+003,-6.442991e-002
2.496505e+003,-6.358068e-002
2.497470e+003,-6.276830e-002
2.498434e+003,-6.334142e-002
2.499398e+003,-6.376971e-002
2.500363e+003,-6.327569e-002
2.501327e+003,-6.229433e-002
2.502291e+003,-6.203669e-002
2.503255e+003,-6.316160e-002
2.504219e+003,-6.398168e-002
2.505184e+003,-6.255126e-002
2.506148e+003,-6.155016e-002
2.507112e+003,-6.193342e-002
2.508077e+003,-6.376914e-002
2.509041e+003,-6.520851e-002
2.510005e+003,-6.454621e-002
2.510969e+003,-6.371924e-002
2.511934e+003,-6.455775e-002
2.512898e+003,-6.456029e-002
2.513862e+003,-6.348582e-002
2.514827e+003,-6.353600e-002
2.515791e+003,-6.402543e-002
2.516755e+003,-6.430960e-002
2.517719e+003,-6.433500e-002
2.518684e+003,-6.426574e-002
2.519648e+003,-6.509104e-002
2.520612e+003,-6.550656e-002
2.521576e+003,-6.464467e-002
2.522541e+003,-6.407756e-002
2.523505e+003,-6.410477e-002
2.524469e+003,-6.406523e-002
2.525434e+003,-6.367472e-002
2.526398e+003,-6.398898e-002
2.527362e+003,-6.468013e-002
2.528326e+003,-6.557169e-002
2.529291e+003,-6.608135e-002
2.530255e+003,-6.589841e-002
2.531219e+003,-6.590189e-002
2.532184e+003,-6.638291e-002
2.533148e+003,-6.703910e-002
2.534112e+003,-6.636520e-002
2.535076e+003,-6.659947e-002
2.536041e+003,-6.763827e-002
2.537005e+003,-6.844165e-002
2.537969e+003,-6.825632e-002
2.538933e+003,-6.743582e-002
2.539898e+003,-6.718656e-002
2.540862e+003,-6.797755e-002
2.541826e+003,-6.821628e-002
2.542791e+003,-6.822081e-002
2.543755e+003,-6.840987e-002
2.544719e+003,-6.901102e-002
2.545683e+003,-6.902561e-002
2.546648e+003,-6.956615e-002
2.547612e+003,-7.001449e-002
2.548576e+003,-7.055081e-002
2.549541e+003,-7.098602e-002
2.550505e+003,-7.191581e-002
2.551469e+003,-7.209188e-002
2.552433e+003,-7.184196e-002
2.553397e+003,-7.266960e-002
2.554362e+003,-7.408918e-002
2.555326e+003,-7.446385e-002
2.556290e+003,-7.460248e-002
2.557255e+003,-7.544637e-002
2.558219e+003,-7.612378e-002
2.559183e+003,-7.578062e-002
2.560147e+003,-7.586685e-002
2.561112e+003,-7.731628e-002
2.562076e+003,-7.925946e-002
2.563040e+003,-7.981552e-002
2.564005e+003,-7.934286e-002
2.564969e+003,-7.941732e-002
2.565933e+003,-8.000056e-002
2.566897e+003,-8.021617e-002
2.567862e+003,-8.028054e-002
2.568826e+003,-8.198172e-002
2.569790e+003,-8.393235e-002
2.570754e+003,-8.467329e-002
2.571719e+003,-8.530015e-002
2.572683e+003,-8.636516e-002
2.573647e+003,-8.716311e-002
2.574612e+003,-8.802071e-002
2.575576e+003,-8.924387e-002
2.576540e+003,-8.953763e-002
2.577504e+003,-8.908247e-002
2.578469e+003,-8.952420e-002
2.579433e+003,-9.143361e-002
2.580397e+003,-9.297565e-002
2.581362e+003,-9.416787e-002
2.582326e+003,-9.505439e-002
2.583290e+003,-9.518332e-002
2.584254e+003,-9.571493e-002
2.585219e+003,-9.763952e-002
2.586183e+003,-9.912656e-002
2.587147e+003,-9.954024e-002
2.588111e+003,-9.975081e-002
2.589076e+003,-1.011369e-001
2.590040e+003,-1.029961e-001
2.591004e+003,-1.040374e-001
2.591969e+003,-1.049317e-001
2.592933e+003,-1.065191e-001
2.593897e+003,-1.079742e-001
2.594861e+003,-1.085092e-001
2.595826e+003,-1.090385e-001
2.596790e+003,-1.109612e-001
2.597754e+003,-1.135866e-001
2.598719e+003,-1.150167e-001
2.599683e+003,-1.153720e-001
2.600647e+003,-1.163697e-001
2.601611e+003,-1.177756e-001
2.602575e+003,-1.191910e-001
2.603540e+003,-1.210278e-001
2.604504e+003,-1.222305e-001
2.605468e+003,-1.223776e-001
2.606433e+003,-1.235104e-001
2.607397e+003,-1.253340e-001
2.608361e+003,-1.274955e-001
2.609325e+003,-1.297603e-001
2.610290e+003,-1.323261e-001
2.611254e+003,-1.337755e-001
2.612218e+003,-1.346656e-001
2.613183e+003,-1.361199e-001
2.614147e+003,-1.381772e-001
2.615111e+003,-1.399173e-001
2.616075e+003,-1.416420e-001
2.617040e+003,-1.434157e-001
2.618004e+003,-1.454167e-001
2.618968e+003,-1.473366e-001
2.619932e+003,-1.484276e-001
2.620897e+003,-1.492410e-001
2.621861e+003,-1.508219e-001
2.622825e+003,-1.527937e-001
2.623790e+003,-1.543261e-001
2.624754e+003,-1.561909e-001
2.625718e+003,-1.591126e-001
2.626682e+003,-1.617586e-001
2.627647e+003,-1.636111e-001
2.628611e+003,-1.654578e-001
2.629575e+003,-1.668248e-001
2.630540e+003,-1.686010e-001
2.631504e+003,-1.708255e-001
2.632468e+003,-1.726863e-001
2.633432e+003,-1.743933e-001
2.634396e+003,-1.767438e-001
2.635361e+003,-1.792780e-001
2.636325e+003,-1.812964e-001
2.637289e+003,-1.830176e-001
2.638254e+003,-1.851453e-001
2.639218e+003,-1.871538e-001
2.640182e+003,-1.891797e-001
2.641146e+003,-1.913783e-001
2.642111e+003,-1.939678e-001
2.643075e+003,-1.961081e-001
2.644039e+003,-1.975128e-001
2.645004e+003,-1.986506e-001
2.645968e+003,-2.005574e-001
2.646932e+003,-2.033303e-001
2.647896e+003,-2.048439e-001
2.648861e+003,-2.064435e-001
2.649825e+003,-2.092859e-001
2.650789e+003,-2.118163e-001
2.651753e+003,-2.133492e-001
2.652718e+003,-2.145578e-001
2.653682e+003,-2.159558e-001
2.654646e+003,-2.173934e-001
2.655611e+003,-2.191602e-001
2.656575e+003,-2.205677e-001
2.657539e+003,-2.217894e-001
2.658503e+003,-2.238938e-001
2.659468e+003,-2.257804e-001
2.660432e+003,-2.266311e-001
2.661396e+003,-2.270619e-001
2.662361e+003,-2.279954e-001
2.663325e+003,-2.291561e-001
2.664289e+003,-2.296909e-001
2.665253e+003,-2.297558e-001
2.666218e+003,-2.303206e-001
2.667182e+003,-2.303784e-001
2.668146e+003,-2.304330e-001
2.669110e+003,-2.312648e-001
2.670075e+003,-2.310204e-001
2.671039e+003,-2.304965e-001
2.672003e+003,-2.303743e-001
2.672968e+003,-2.307128e-001
2.673932e+003,-2.312528e-001
2.674896e+003,-2.316248e-001
2.675860e+003,-2.319970e-001
2.676825e+003,-2.319468e-001
2.677789e+003,-2.321109e-001
2.678753e+003,-2.318255e-001
2.679718e+003,-2.313890e-001
2.680682e+003,-2.307953e-001
2.681646e+003,-2.305496e-001
2.682610e+003,-2.304113e-001
2.683574e+003,-2.303732e-001
2.684539e+003,-2.308476e-001
2.685503e+003,-2.314266e-001
2.686467e+003,-2.318110e-001
2.687432e+003,-2.320055e-001
2.688396e+003,-2.318067e-001
2.689360e+003,-2.316981e-001
2.690324e+003,-2.312255e-001
2.691289e+003,-2.310814e-001
2.692253e+003,-2.310998e-001
2.693217e+003,-2.307958e-001
2.694182e+003,-2.305001e-001
2.695146e+003,-2.302493e-001
2.696110e+003,-2.302743e-001
2.697074e+003,-2.302151e-001
2.698039e+003,-2.296735e-001
2.699003e+003,-2.293012e-001
2.699967e+003,-2.293221e-001
2.700931e+003,-2.300043e-001
2.701896e+003,-2.307799e-001
2.702860e+003,-2.308713e-001
2.703824e+003,-2.308854e-001
2.704789e+003,-2.312433e-001
2.705753e+003,-2.310773e-001
2.706717e+003,-2.300986e-001
2.707681e+003,-2.290976e-001
2.708646e+003,-2.295380e-001
2.709610e+003,-2.296294e-001
2.710574e+003,-2.301168e-001
2.711539e+003,-2.307750e-001
2.712503e+003,-2.301626e-001
2.713467e+003,-2.301024e-001
2.714431e+003,-2.305959e-001
2.715396e+003,-2.304631e-001
2.716360e+003,-2.297015e-001
2.717324e+003,-2.295624e-001
2.718288e+003,-2.295548e-001
2.719253e+003,-2.298167e-001
2.720217e+003,-2.301937e-001
2.721181e+003,-2.299870e-001
2.722146e+003,-2.302963e-001
2.723110e+003,-2.302572e-001
2.724074e+003,-2.295002e-001
2.725038e+003,-2.289719e-001
2.726003e+003,-2.286821e-001
2.726967e+003,-2.285120e-001
2.727931e+003,-2.282174e-001
2.728896e+003,-2.279885e-001
2.729860e+003,-2.285283e-001
2.730824e+003,-2.287730e-001
2.731788e+003,-2.287875e-001
2.732752e+003,-2.284506e-001
2.733717e+003,-2.284602e-001
2.734681e+003,-2.281158e-001
2.735645e+003,-2.274901e-001
2.736610e+003,-2.272202e-001
2.737574e+003,-2.276788e-001
2.738538e+003,-2.279627e-001
2.739502e+003,-2.281421e-001
2.740467e+003,-2.284464e-001
2.741431e+003,-2.281897e-001
2.742395e+003,-2.280148e-001
2.743360e+003,-2.275892e-001
2.744324e+003,-2.264995e-001
2.745288e+003,-2.268597e-001
2.746252e+003,-2.279143e-001
2.747217e+003,-2.278945e-001
2.748181e+003,-2.265346e-001
2.749145e+003,-2.262826e-001
2.750109e+003,-2.267069e-001
2.751074e+003,-2.263407e-001
2.752038e+003,-2.262783e-001
2.753002e+003,-2.261627e-001
2.753967e+003,-2.258831e-001
2.754931e+003,-2.260147e-001
2.755895e+003,-2.263486e-001
2.756859e+003,-2.262108e-001
2.757824e+003,-2.253704e-001
2.758788e+003,-2.253175e-001
2.759752e+003,-2.259364e-001
2.760717e+003,-2.260596e-001
2.761681e+003,-2.255113e-001
2.762645e+003,-2.257772e-001
2.763609e+003,-2.260674e-001
2.764573e+003,-2.250154e-001
2.765538e+003,-2.250044e-001
2.766502e+003,-2.254993e-001
2.767466e+003,-2.256395e-001
2.768431e+003,-2.257922e-001
2.769395e+003,-2.253953e-001
2.770359e+003,-2.247757e-001
2.771323e+003,-2.245601e-001
2.772288e+003,-2.241337e-001
2.773252e+003,-2.243820e-001
2.774216e+003,-2.250464e-001
2.775181e+003,-2.250291e-001
2.776145e+003,-2.243335e-001
2.777109e+003,-2.238813e-001
2.778073e+003,-2.239395e-001
2.779038e+003,-2.238625e-001
2.780002e+003,-2.233911e-001
2.780966e+003,-2.235629e-001
2.781930e+003,-2.240542e-001
2.782895e+003,-2.239482e-001
2.783859e+003,-2.235184e-001
2.784823e+003,-2.226040e-001
2.785788e+003,-2.221833e-001
2.786752e+003,-2.228398e-001
2.787716e+003,-2.227414e-001
2.788680e+003,-2.226346e-001
2.789645e+003,-2.227660e-001
2.790609e+003,-2.220754e-001
2.791573e+003,-2.217216e-001
2.792538e+003,-2.220026e-001
2.793502e+003,-2.221112e-001
2.794466e+003,-2.217845e-001
2.795430e+003,-2.217211e-001
2.796395e+003,-2.218800e-001
2.797359e+003,-2.215811e-001
2.798323e+003,-2.212958e-001
2.799287e+003,-2.211265e-001
2.800252e+003,-2.203190e-001
2.801216e+003,-2.205820e-001
2.802180e+003,-2.210037e-001
2.803145e+003,-2.207312e-001
2.804109e+003,-2.205844e-001
2.805073e+003,-2.204708e-001
2.806037e+003,-2.201949e-001
2.807002e+003,-2.196146e-001
2.807966e+003,-2.192796e-001
2.808930e+003,-2.191305e-001
2.809895e+003,-2.189622e-001
2.810859e+003,-2.184899e-001
2.811823e+003,-2.182026e-001
2.812787e+003,-2.186003e-001
2.813751e+003,-2.184412e-001
2.814716e+003,-2.173364e-001
2.815680e+003,-2.170004e-001
2.816644e+003,-2.171054e-001
2.817609e+003,-2.166101e-001
2.818573e+003,-2.167586e-001
2.819537e+003,-2.171024e-001
2.820501e+003,-2.167232e-001
2.821466e+003,-2.167347e-001
2.822430e+003,-2.167725e-001
2.823394e+003,-2.166294e-001
2.824359e+003,-2.160395e-001
2.825323e+003,-2.148653e-001
2.826287e+003,-2.146068e-001
2.827251e+003,-2.147167e-001
2.828216e+003,-2.152891e-001
2.829180e+003,-2.158243e-001
2.830144e+003,-2.154203e-001
2.831108e+003,-2.148428e-001
2.832073e+003,-2.144189e-001
2.833037e+003,-2.141362e-001
2.834001e+003,-2.141490e-001
2.834966e+003,-2.138337e-001
2.835930e+003,-2.130637e-001
2.836894e+003,-2.132622e-001
2.837858e+003,-2.141939e-001
2.838823e+003,-2.138993e-001
2.839787e+003,-2.121368e-001
2.840751e+003,-2.112683e-001
2.841716e+003,-2.117061e-001
2.842680e+003,-2.117271e-001
2.843644e+003,-2.115912e-001
2.844608e+003,-2.116796e-001
2.845573e+003,-2.115889e-001
2.846537e+003,-2.117490e-001
2.847501e+003,-2.113012e-001
2.848465e+003,-2.104511e-001
2.849430e+003,-2.097829e-001
2.850394e+003,-2.085871e-001
2.851358e+003,-2.082475e-001
2.852323e+003,-2.085610e-001
2.853287e+003,-2.087765e-001
2.854251e+003,-2.083557e-001
2.855215e+003,-2.082685e-001
2.856180e+003,-2.081518e-001
2.857144e+003,-2.076030e-001
2.858108e+003,-2.073660e-001
2.859073e+003,-2.076609e-001
2.860037e+003,-2.072546e-001
2.861001e+003,-2.066360e-001
2.861965e+003,-2.069162e-001
2.862929e+003,-2.071147e-001
2.863894e+003,-2.067113e-001
2.864858e+003,-2.063090e-001
2.865822e+003,-2.060743e-001
2.866787e+003,-2.056291e-001
2.867751e+003,-2.052866e-001
2.868715e+003,-2.057070e-001
2.869679e+003,-2.055081e-001
2.870644e+003,-2.050757e-001
2.871608e+003,-2.056704e-001
2.872572e+003,-2.062799e-001
2.873537e+003,-2.062997e-001
2.874501e+003,-2.051977e-001
2.875465e+003,-2.036891e-001
2.876429e+003,-2.025868e-001
2.877394e+003,-2.020687e-001
2.878358e+003,-2.030800e-001
2.879322e+003,-2.033647e-001
2.880286e+003,-2.031651e-001
2.881251e+003,-2.024812e-001
2.882215e+003,-2.010128e-001
2.883179e+003,-2.006078e-001
2.884144e+003,-2.015435e-001
2.885108e+003,-2.014528e-001
2.886072e+003,-2.007977e-001
2.887036e+003,-2.009092e-001
2.888001e+003,-2.005202e-001
2.888965e+003,-1.998010e-001
2.889929e+003,-2.001310e-001
2.890894e+003,-2.006053e-001
2.891858e+003,-2.005872e-001
2.892822e+003,-1.994673e-001
2.893786e+003,-1.985393e-001
2.894750e+003,-1.989010e-001
2.895715e+003,-1.995767e-001
2.896679e+003,-1.992838e-001
2.897643e+003,-1.980914e-001
2.898608e+003,-1.973761e-001
2.899572e+003,-1.971864e-001
2.900536e+003,-1.974643e-001
2.901500e+003,-1.979864e-001
2.902465e+003,-1.972804e-001
2.903429e+003,-1.962563e-001
2.904393e+003,-1.960896e-001
2.905358e+003,-1.958200e-001
2.906322e+003,-1.956267e-001
2.907286e+003,-1.950457e-001
2.908250e+003,-1.945624e-001
2.909215e+003,-1.947535e-001
2.910179e+003,-1.949501e-001
2.911143e+003,-1.943653e-001
2.912107e+003,-1.945421e-001
2.913072e+003,-1.948891e-001
2.914036e+003,-1.934772e-001
2.915000e+003,-1.927209e-001
2.915965e+003,-1.925980e-001
2.916929e+003,-1.923114e-001
2.917893e+003,-1.924025e-001
2.918857e+003,-1.922524e-001
2.919822e+003,-1.912765e-001
2.920786e+003,-1.908865e-001
2.921750e+003,-1.909823e-001
2.922715e+003,-1.910077e-001
2.923679e+003,-1.912149e-001
2.924643e+003,-1.907290e-001
2.925607e+003,-1.902856e-001
2.926572e+003,-1.895284e-001
2.927536e+003,-1.883364e-001
2.928500e+003,-1.882630e-001
2.929464e+003,-1.897365e-001
2.930429e+003,-1.905662e-001
2.931393e+003,-1.891530e-001
2.932357e+003,-1.879411e-001
2.933322e+003,-1.879735e-001
2.934286e+003,-1.886879e-001
2.935250e+003,-1.886149e-001
2.936214e+003,-1.881462e-001
2.937179e+003,-1.881305e-001
2.938143e+003,-1.885774e-001
2.939107e+003,-1.886827e-001
2.940072e+003,-1.884410e-001
2.941036e+003,-1.885751e-001
2.942000e+003,-1.888398e-001
2.942964e+003,-1.881771e-001
2.943928e+003,-1.882360e-001
2.944893e+003,-1.883903e-001
2.945857e+003,-1.879902e-001
2.946821e+003,-1.878217e-001
2.947786e+003,-1.872987e-001
2.948750e+003,-1.873501e-001
2.949714e+003,-1.880039e-001
2.950678e+003,-1.880996e-001
2.951643e+003,-1.880574e-001
2.952607e+003,-1.875727e-001
2.953571e+003,-1.865917e-001
2.954536e+003,-1.856898e-001
2.955500e+003,-1.853825e-001
2.956464e+003,-1.851972e-001
2.957428e+003,-1.847420e-001
2.958393e+003,-1.839762e-001
2.959357e+003,-1.841401e-001
2.960321e+003,-1.851207e-001
2.961285e+003,-1.849221e-001
2.962250e+003,-1.844436e-001
2.963214e+003,-1.847552e-001
2.964178e+003,-1.844498e-001
2.965143e+003,-1.834370e-001
2.966107e+003,-1.832540e-001
2.967071e+003,-1.833271e-001
2.968035e+003,-1.824522e-001
2.969000e+003,-1.813384e-001
2.969964e+003,-1.807230e-001
2.970928e+003,-1.816236e-001
2.971892e+003,-1.824258e-001
2.972857e+003,-1.824491e-001
2.973821e+003,-1.828033e-001
2.974785e+003,-1.831020e-001
2.975750e+003,-1.823095e-001
2.976714e+003,-1.814619e-001
2.977678e+003,-1.817635e-001
2.978642e+003,-1.817887e-001
2.979607e+003,-1.814532e-001
2.980571e+003,-1.816598e-001
2.981535e+003,-1.808479e-001
2.982500e+003,-1.795536e-001
2.983464e+003,-1.781830e-001
2.984428e+003,-1.782101e-001
2.985392e+003,-1.785116e-001
2.986356e+003,-1.788863e-001
2.987321e+003,-1.803238e-001
2.988285e+003,-1.805177e-001
2.989249e+003,-1.794436e-001
2.990214e+003,-1.788526e-001
2.991178e+003,-1.784747e-001
2.992142e+003,-1.778326e-001
2.993106e+003,-1.776059e-001
2.994071e+003,-1.777034e-001
2.995035e+003,-1.773999e-001
2.995999e+003,-1.772575e-001
2.996964e+003,-1.779807e-001
2.997928e+003,-1.786845e-001
2.998892e+003,-1.781689e-001
2.999856e+003,-1.765847e-001
3.000821e+003,-1.755143e-001
3.001785e+003,-1.753481e-001
3.002749e+003,-1.757657e-001
3.003713e+003,-1.757272e-001
3.004678e+003,-1.746387e-001
3.005642e+003,-1.740065e-001
3.006606e+003,-1.748726e-001
3.007571e+003,-1.751217e-001
3.008535e+003,-1.738458e-001
3.009499e+003,-1.736345e-001
3.010463e+003,-1.749782e-001
3.011428e+003,-1.753363e-001
3.012392e+003,-1.737342e-001
3.013356e+003,-1.728359e-001
3.014321e+003,-1.731057e-001
3.015285e+003,-1.734370e-001
3.016249e+003,-1.733997e-001
3.017213e+003,-1.731880e-001
3.018177e+003,-1.721921e-001
3.019142e+003,-1.712328e-001
3.020106e+003,-1.711633e-001
3.021070e+003,-1.709760e-001
3.022035e+003,-1.713841e-001
3.022999e+003,-1.716756e-001
3.023963e+003,-1.716515e-001
3.024927e+003,-1.713526e-001
3.025892e+003,-1.704436e-001
3.026856e+003,-1.699734e-001
3.027820e+003,-1.705729e-001
3.028785e+003,-1.710466e-001
3.029749e+003,-1.708783e-001
3.030713e+003,-1.703554e-001
3.031677e+003,-1.693222e-001
3.032642e+003,-1.682213e-001
3.033606e+003,-1.680825e-001
3.034570e+003,-1.680576e-001
3.035534e+003,-1.680257e-001
3.036499e+003,-1.671410e-001
3.037463e+003,-1.660626e-001
3.038427e+003,-1.661314e-001
3.039392e+003,-1.668956e-001
3.040356e+003,-1.675133e-001
3.041320e+003,-1.671076e-001
3.042284e+003,-1.664861e-001
3.043249e+003,-1.652845e-001
3.044213e+003,-1.650208e-001
3.045177e+003,-1.658467e-001
3.046142e+003,-1.653218e-001
3.047106e+003,-1.642915e-001
3.048070e+003,-1.640201e-001
3.049034e+003,-1.637728e-001
3.049999e+003,-1.624938e-001
3.050963e+003,-1.620098e-001
3.051927e+003,-1.622549e-001
3.052891e+003,-1.625172e-001
3.053856e+003,-1.628656e-001
3.054820e+003,-1.621099e-001
3.055784e+003,-1.611641e-001
3.056749e+003,-1.606402e-001
3.057713e+003,-1.603468e-001
3.058677e+003,-1.606504e-001
3.059641e+003,-1.605685e-001
3.060606e+003,-1.604348e-001
3.061570e+003,-1.611249e-001
3.062534e+003,-1.613512e-001
3.063499e+003,-1.610892e-001
3.064463e+003,-1.601262e-001
3.065427e+003,-1.593675e-001
3.066391e+003,-1.588755e-001
3.067355e+003,-1.587553e-001
3.068320e+003,-1.604950e-001
3.069284e+003,-1.598341e-001
3.070248e+003,-1.585707e-001
3.071213e+003,-1.596809e-001
3.072177e+003,-1.599336e-001
3.073141e+003,-1.584681e-001
3.074105e+003,-1.572098e-001
3.075070e+003,-1.580057e-001
3.076034e+003,-1.585138e-001
3.076998e+003,-1.583901e-001
3.077963e+003,-1.579634e-001
3.078927e+003,-1.578007e-001
3.079891e+003,-1.584773e-001
3.080855e+003,-1.575180e-001
3.081820e+003,-1.556511e-001
3.082784e+003,-1.555995e-001
3.083748e+003,-1.557690e-001
3.084712e+003,-1.555296e-001
3.085677e+003,-1.552260e-001
3.086641e+003,-1.547197e-001
3.087605e+003,-1.546001e-001
3.088570e+003,-1.548050e-001
3.089534e+003,-1.549832e-001
3.090498e+003,-1.551348e-001
3.091462e+003,-1.543556e-001
3.092427e+003,-1.528893e-001
3.093391e+003,-1.516028e-001
3.094355e+003,-1.515814e-001
3.095320e+003,-1.515299e-001
3.096284e+003,-1.519019e-001
3.097248e+003,-1.523999e-001
3.098212e+003,-1.517809e-001
3.099177e+003,-1.512805e-001
3.100141e+003,-1.509554e-001
3.101105e+003,-1.500876e-001
3.102069e+003,-1.491141e-001
3.103034e+003,-1.482411e-001
3.103998e+003,-1.472224e-001
3.104962e+003,-1.455109e-001
3.105927e+003,-1.426744e-001
3.106891e+003,-1.393620e-001
3.107855e+003,-1.400720e-001
3.108819e+003,-1.429238e-001
3.109784e+003,-1.433997e-001
3.110748e+003,-1.440372e-001
3.111712e+003,-1.448394e-001
3.112677e+003,-1.460855e-001
3.113641e+003,-1.472279e-001
3.114605e+003,-1.480749e-001
3.115569e+003,-1.481064e-001
3.116533e+003,-1.471331e-001
3.117498e+003,-1.467094e-001
3.118462e+003,-1.468447e-001
3.119426e+003,-1.463551e-001
3.120391e+003,-1.462667e-001
3.121355e+003,-1.466880e-001
3.122319e+003,-1.465025e-001
3.123283e+003,-1.458511e-001
3.124248e+003,-1.457947e-001
3.125212e+003,-1.454557e-001
3.126176e+003,-1.442088e-001
3.127141e+003,-1.435821e-001
3.128105e+003,-1.446203e-001
3.129069e+003,-1.458590e-001
3.130033e+003,-1.445875e-001
3.130998e+003,-1.415965e-001
3.131962e+003,-1.419330e-001
3.132926e+003,-1.429687e-001
3.133890e+003,-1.421818e-001
3.134855e+003,-1.418522e-001
3.135819e+003,-1.415317e-001
3.136783e+003,-1.411010e-001
3.137748e+003,-1.405552e-001
3.138712e+003,-1.402964e-001
3.139676e+003,-1.409106e-001
3.140640e+003,-1.408259e-001
3.141605e+003,-1.398669e-001
3.142569e+003,-1.390436e-001
3.143533e+003,-1.386160e-001
3.144498e+003,-1.385710e-001
3.145462e+003,-1.387386e-001
3.146426e+003,-1.384837e-001
3.147390e+003,-1.386495e-001
3.148354e+003,-1.387011e-001
3.149319e+003,-1.379852e-001
3.150283e+003,-1.384819e-001
3.151247e+003,-1.390243e-001
3.152212e+003,-1.386670e-001
3.153176e+003,-1.374195e-001
3.154140e+003,-1.363299e-001
3.155104e+003,-1.363760e-001
3.156069e+003,-1.355724e-001
3.157033e+003,-1.346878e-001
3.157997e+003,-1.347989e-001
3.158962e+003,-1.349260e-001
3.159926e+003,-1.348908e-001
3.160890e+003,-1.351204e-001
3.161854e+003,-1.354923e-001
3.162819e+003,-1.348317e-001
3.163783e+003,-1.336650e-001
3.164747e+003,-1.332188e-001
3.165711e+003,-1.332833e-001
3.166676e+003,-1.328880e-001
3.167640e+003,-1.327320e-001
3.168604e+003,-1.318891e-001
3.169569e+003,-1.304534e-001
3.170533e+003,-1.313043e-001
3.171497e+003,-1.319212e-001
3.172461e+003,-1.318411e-001
3.173426e+003,-1.315668e-001
3.174390e+003,-1.307025e-001
3.175354e+003,-1.313988e-001
3.176319e+003,-1.323811e-001
3.177283e+003,-1.319711e-001
3.178247e+003,-1.300352e-001
3.179211e+003,-1.287733e-001
3.180176e+003,-1.286105e-001
3.181140e+003,-1.285677e-001
3.182104e+003,-1.289230e-001
3.183068e+003,-1.291475e-001
3.184033e+003,-1.282159e-001
3.184997e+003,-1.278063e-001
3.185961e+003,-1.280803e-001
3.186926e+003,-1.286708e-001
3.187890e+003,-1.282470e-001
3.188854e+003,-1.266065e-001
3.189818e+003,-1.257665e-001
3.190783e+003,-1.260250e-001
3.191747e+003,-1.264144e-001
3.192711e+003,-1.263730e-001
3.193676e+003,-1.257863e-001
3.194640e+003,-1.252066e-001
3.195604e+003,-1.252229e-001
3.196568e+003,-1.259828e-001
3.197532e+003,-1.269398e-001
3.198497e+003,-1.270601e-001
3.199461e+003,-1.263488e-001
3.200425e+003,-1.248937e-001
3.201390e+003,-1.250217e-001
3.202354e+003,-1.265633e-001
3.203318e+003,-1.264374e-001
3.204282e+003,-1.250813e-001
3.205247e+003,-1.246288e-001
3.206211e+003,-1.246833e-001
3.207175e+003,-1.255730e-001
3.208140e+003,-1.263972e-001
3.209104e+003,-1.261282e-001
3.210068e+003,-1.255507e-001
3.211032e+003,-1.254124e-001
3.211997e+003,-1.254892e-001
3.212961e+003,-1.258762e-001
3.213925e+003,-1.259573e-001
3.214889e+003,-1.256155e-001
3.215854e+003,-1.250472e-001
3.216818e+003,-1.247214e-001
3.217782e+003,-1.254743e-001
3.218747e+003,-1.259063e-001
3.219711e+003,-1.249439e-001
3.220675e+003,-1.249072e-001
3.221639e+003,-1.255864e-001
3.222604e+003,-1.251411e-001
3.223568e+003,-1.243762e-001
3.224532e+003,-1.228474e-001
3.225497e+003,-1.216471e-001
3.226461e+003,-1.228528e-001
3.227425e+003,-1.241083e-001
3.228389e+003,-1.235668e-001
3.229354e+003,-1.223629e-001
3.230318e+003,-1.220533e-001
3.231282e+003,-1.227547e-001
3.232246e+003,-1.234405e-001
3.233211e+003,-1.236271e-001
3.234175e+003,-1.229849e-001
3.235139e+003,-1.225959e-001
3.236104e+003,-1.225679e-001
3.237068e+003,-1.219348e-001
3.238032e+003,-1.213308e-001
3.238996e+003,-1.214759e-001
3.239961e+003,-1.209532e-001
3.240925e+003,-1.211258e-001
3.241889e+003,-1.217687e-001
3.242854e+003,-1.219965e-001
3.243818e+003,-1.225816e-001
3.244782e+003,-1.232601e-001
3.245746e+003,-1.228241e-001
3.246710e+003,-1.229340e-001
3.247675e+003,-1.227025e-001
3.248639e+003,-1.214250e-001
3.249603e+003,-1.211421e-001
3.250568e+003,-1.216120e-001
3.251532e+003,-1.220599e-001
3.252496e+003,-1.219712e-001
3.253460e+003,-1.220280e-001
3.254425e+003,-1.221948e-001
3.255389e+003,-1.223325e-001
3.256353e+003,-1.223988e-001
3.257318e+003,-1.214051e-001
3.258282e+003,-1.203460e-001
3.259246e+003,-1.210705e-001
3.260210e+003,-1.220234e-001
3.261175e+003,-1.215065e-001
3.262139e+003,-1.216301e-001
3.263103e+003,-1.217575e-001
3.264067e+003,-1.216270e-001
3.265032e+003,-1.213255e-001
3.265996e+003,-1.213052e-001
3.266960e+003,-1.228210e-001
3.267925e+003,-1.237647e-001
3.268889e+003,-1.231739e-001
3.269853e+003,-1.220484e-001
3.270817e+003,-1.206750e-001
3.271782e+003,-1.202577e-001
3.272746e+003,-1.209260e-001
3.273710e+003,-1.211398e-001
3.274675e+003,-1.215191e-001
3.275639e+003,-1.216090e-001
3.276603e+003,-1.222519e-001
3.277567e+003,-1.230423e-001
3.278531e+003,-1.238212e-001
3.279496e+003,-1.250058e-001
3.280460e+003,-1.239923e-001
3.281424e+003,-1.228153e-001
3.282389e+003,-1.229477e-001
3.283353e+003,-1.229524e-001
3.284317e+003,-1.233383e-001
3.285281e+003,-1.240195e-001
3.286246e+003,-1.249143e-001
3.287210e+003,-1.261643e-001
3.288174e+003,-1.267993e-001
3.289139e+003,-1.264059e-001
3.290103e+003,-1.258802e-001
3.291067e+003,-1.266787e-001
3.292031e+003,-1.277703e-001
3.292996e+003,-1.279328e-001
3.293960e+003,-1.279628e-001
3.294924e+003,-1.279325e-001
3.295888e+003,-1.282659e-001
3.296853e+003,-1.289069e-001
3.297817e+003,-1.287029e-001
3.298781e+003,-1.284482e-001
3.299746e+003,-1.279046e-001
3.300710e+003,-1.272456e-001
3.301674e+003,-1.275012e-001
3.302638e+003,-1.277929e-001
3.303603e+003,-1.281340e-001
3.304567e+003,-1.294577e-001
3.305531e+003,-1.297368e-001
3.306496e+003,-1.291352e-001
3.307460e+003,-1.288655e-001
3.308424e+003,-1.299082e-001
3.309388e+003,-1.297982e-001
3.310353e+003,-1.289217e-001
3.311317e+003,-1.289701e-001
3.312281e+003,-1.301180e-001
3.313245e+003,-1.302515e-001
3.314210e+003,-1.298063e-001
3.315174e+003,-1.299819e-001
3.316138e+003,-1.288764e-001
3.317103e+003,-1.278385e-001
3.318067e+003,-1.288083e-001
3.319031e+003,-1.306029e-001
3.319995e+003,-1.310535e-001
3.320960e+003,-1.313388e-001
3.321924e+003,-1.320313e-001
3.322888e+003,-1.308845e-001
3.323853e+003,-1.296502e-001
3.324817e+003,-1.299150e-001
3.325781e+003,-1.316373e-001
3.326745e+003,-1.316856e-001
3.327709e+003,-1.312189e-001
3.328674e+003,-1.313139e-001
3.329638e+003,-1.315064e-001
3.330602e+003,-1.306478e-001
3.331567e+003,-1.296372e-001
3.332531e+003,-1.294464e-001
3.333495e+003,-1.308698e-001
3.334459e+003,-1.312253e-001
3.335424e+003,-1.304758e-001
3.336388e+003,-1.303678e-001
3.337352e+003,-1.300326e-001
3.338317e+003,-1.306228e-001
3.339281e+003,-1.316082e-001
3.340245e+003,-1.311240e-001
3.341209e+003,-1.298117e-001
3.342174e+003,-1.295216e-001
3.343138e+003,-1.313017e-001
3.344102e+003,-1.319988e-001
3.345066e+003,-1.309956e-001
3.346031e+003,-1.310760e-001
3.346995e+003,-1.323268e-001
3.347959e+003,-1.315063e-001
3.348924e+003,-1.303508e-001
3.349888e+003,-1.323363e-001
3.350852e+003,-1.334395e-001
3.351816e+003,-1.320309e-001
3.352781e+003,-1.312157e-001
3.353745e+003,-1.315480e-001
3.354709e+003,-1.320816e-001
3.355674e+003,-1.324848e-001
3.356638e+003,-1.329188e-001
3.357602e+003,-1.343149e-001
3.358566e+003,-1.353600e-001
3.359531e+003,-1.342780e-001
3.360495e+003,-1.332671e-001
3.361459e+003,-1.340863e-001
3.362423e+003,-1.340244e-001
3.363388e+003,-1.327694e-001
3.364352e+003,-1.332158e-001
3.365316e+003,-1.346683e-001
3.366281e+003,-1.348307e-001
3.367245e+003,-1.347983e-001
3.368209e+003,-1.348775e-001
3.369173e+003,-1.345674e-001
3.370138e+003,-1.345863e-001
3.371102e+003,-1.342745e-001
3.372066e+003,-1.350246e-001
3.373031e+003,-1.348530e-001
3.373995e+003,-1.331072e-001
3.374959e+003,-1.324654e-001
3.375923e+003,-1.336028e-001
3.376887e+003,-1.341974e-001
3.377852e+003,-1.349843e-001
3.378816e+003,-1.350536e-001
3.379780e+003,-1.341475e-001
3.380745e+003,-1.346297e-001
3.381709e+003,-1.359233e-001
3.382673e+003,-1.359958e-001
3.383637e+003,-1.353194e-001
3.384602e+003,-1.349139e-001
3.385566e+003,-1.343902e-001
3.386530e+003,-1.331454e-001
3.387495e+003,-1.344620e-001
3.388459e+003,-1.365994e-001
3.389423e+003,-1.369978e-001
3.390387e+003,-1.371145e-001
3.391352e+003,-1.366683e-001
3.392316e+003,-1.373323e-001
3.393280e+003,-1.373630e-001
3.394244e+003,-1.359091e-001
3.395209e+003,-1.353292e-001
3.396173e+003,-1.366750e-001
3.397137e+003,-1.373100e-001
3.398102e+003,-1.370797e-001
3.399066e+003,-1.376428e-001
3.400030e+003,-1.383763e-001
3.400994e+003,-1.385311e-001
3.401959e+003,-1.382272e-001
3.402923e+003,-1.389902e-001
3.403887e+003,-1.386780e-001
3.404852e+003,-1.375863e-001
3.405816e+003,-1.370839e-001
3.406780e+003,-1.374318e-001
3.407744e+003,-1.388300e-001
3.408708e+003,-1.389346e-001
3.409673e+003,-1.376071e-001
3.410637e+003,-1.378681e-001
3.411601e+003,-1.392426e-001
3.412566e+003,-1.395027e-001
3.413530e+003,-1.383575e-001
3.414494e+003,-1.385040e-001
3.415458e+003,-1.390220e-001
3.416423e+003,-1.387060e-001
3.417387e+003,-1.383089e-001
3.418351e+003,-1.381512e-001
3.419316e+003,-1.397244e-001
3.420280e+003,-1.406466e-001
3.421244e+003,-1.409907e-001
3.422208e+003,-1.410524e-001
3.423173e+003,-1.404167e-001
3.424137e+003,-1.402572e-001
3.425101e+003,-1.396715e-001
3.426065e+003,-1.397443e-001
3.427030e+003,-1.396781e-001
3.427994e+003,-1.397057e-001
3.428958e+003,-1.396526e-001
3.429923e+003,-1.402538e-001
3.430887e+003,-1.406868e-001
3.431851e+003,-1.400033e-001
3.432815e+003,-1.400246e-001
3.433780e+003,-1.401942e-001
3.434744e+003,-1.395397e-001
3.435708e+003,-1.398064e-001
3.436673e+003,-1.404468e-001
3.437637e+003,-1.414844e-001
3.438601e+003,-1.424216e-001
3.439565e+003,-1.426266e-001
3.440530e+003,-1.427131e-001
3.441494e+003,-1.427048e-001
3.442458e+003,-1.418223e-001
3.443422e+003,-1.416766e-001
3.444387e+003,-1.434005e-001
3.445351e+003,-1.443547e-001
3.446315e+003,-1.455852e-001
3.447280e+003,-1.441594e-001
3.448244e+003,-1.418905e-001
3.449208e+003,-1.416567e-001
3.450172e+003,-1.411939e-001
3.451137e+003,-1.418705e-001
3.452101e+003,-1.429516e-001
3.453065e+003,-1.429822e-001
3.454030e+003,-1.429234e-001
3.454994e+003,-1.433103e-001
3.455958e+003,-1.435219e-001
3.456922e+003,-1.432381e-001
3.457886e+003,-1.440098e-001
3.458851e+003,-1.444470e-001
3.459815e+003,-1.432704e-001
3.460779e+003,-1.435902e-001
3.461744e+003,-1.439346e-001
3.462708e+003,-1.435829e-001
3.463672e+003,-1.445879e-001
3.464636e+003,-1.452680e-001
3.465601e+003,-1.446335e-001
3.466565e+003,-1.443630e-001
3.467529e+003,-1.440888e-001
3.468494e+003,-1.451652e-001
3.469458e+003,-1.461440e-001
3.470422e+003,-1.454128e-001
3.471386e+003,-1.446920e-001
3.472351e+003,-1.445616e-001
3.473315e+003,-1.439415e-001
3.474279e+003,-1.457620e-001
3.475243e+003,-1.462255e-001
3.476208e+003,-1.448429e-001
3.477172e+003,-1.454299e-001
3.478136e+003,-1.462499e-001
3.479101e+003,-1.467889e-001
3.480065e+003,-1.471162e-001
3.481029e+003,-1.480140e-001
3.481993e+003,-1.487012e-001
3.482958e+003,-1.466430e-001
3.483922e+003,-1.464956e-001
3.484886e+003,-1.479592e-001
3.485851e+003,-1.483719e-001
3.486815e+003,-1.482134e-001
3.487779e+003,-1.495383e-001
3.488743e+003,-1.487914e-001
3.489708e+003,-1.474623e-001
3.490672e+003,-1.477943e-001
3.491636e+003,-1.478624e-001
3.492600e+003,-1.479849e-001
3.493565e+003,-1.486920e-001
3.494529e+003,-1.483678e-001
3.495493e+003,-1.479396e-001
3.496458e+003,-1.489580e-001
3.497422e+003,-1.498643e-001
3.498386e+003,-1.503459e-001
3.499350e+003,-1.493979e-001
3.500315e+003,-1.499778e-001
3.501279e+003,-1.518990e-001
3.502243e+003,-1.530485e-001
3.503208e+003,-1.523957e-001
3.504172e+003,-1.507469e-001
3.505136e+003,-1.510927e-001
3.506100e+003,-1.515008e-001
3.507064e+003,-1.501948e-001
3.508029e+003,-1.504210e-001
3.508993e+003,-1.516159e-001
3.509957e+003,-1.507106e-001
3.510922e+003,-1.513729e-001
3.511886e+003,-1.519242e-001
3.512850e+003,-1.526389e-001
3.513814e+003,-1.528409e-001
3.514779e+003,-1.520572e-001
3.515743e+003,-1.517104e-001
3.516707e+003,-1.515614e-001
3.517672e+003,-1.517881e-001
3.518636e+003,-1.524082e-001
3.519600e+003,-1.527915e-001
3.520564e+003,-1.530905e-001
3.521529e+003,-1.536880e-001
3.522493e+003,-1.553978e-001
3.523457e+003,-1.549286e-001
3.524421e+003,-1.533554e-001
3.525386e+003,-1.534712e-001
3.526350e+003,-1.547534e-001
3.527314e+003,-1.540339e-001
3.528279e+003,-1.542388e-001
3.529243e+003,-1.547263e-001
3.530207e+003,-1.550887e-001
3.531171e+003,-1.556898e-001
3.532136e+003,-1.547678e-001
3.533100e+003,-1.538351e-001
3.534064e+003,-1.542988e-001
3.535029e+003,-1.570518e-001
3.535993e+003,-1.586926e-001
3.536957e+003,-1.560101e-001
3.537921e+003,-1.544030e-001
3.538885e+003,-1.563973e-001
3.539850e+003,-1.582534e-001
3.540814e+003,-1.570251e-001
3.541778e+003,-1.561259e-001
3.542743e+003,-1.579342e-001
3.543707e+003,-1.603943e-001
3.544671e+003,-1.604448e-001
3.545635e+003,-1.602567e-001
3.546600e+003,-1.612396e-001
3.547564e+003,-1.584532e-001
3.548528e+003,-1.571341e-001
3.549493e+003,-1.588958e-001
3.550457e+003,-1.615949e-001
3.551421e+003,-1.645081e-001
3.552385e+003,-1.623593e-001
3.553350e+003,-1.598227e-001
3.554314e+003,-1.595783e-001
3.555278e+003,-1.593769e-001
3.556242e+003,-1.594479e-001
3.557207e+003,-1.580982e-001
3.558171e+003,-1.578972e-001
3.559135e+003,-1.610355e-001
3.560100e+003,-1.626887e-001
3.561064e+003,-1.620960e-001
3.562028e+003,-1.641444e-001
3.562992e+003,-1.655443e-001
3.563957e+003,-1.641991e-001
3.564921e+003,-1.685435e-001
3.565885e+003,-1.730779e-001
3.566850e+003,-1.714204e-001
3.567814e+003,-1.703682e-001
3.568778e+003,-1.622164e-001
3.569742e+003,-1.617423e-001
3.570707e+003,-1.627393e-001
3.571671e+003,-1.624280e-001
3.572635e+003,-1.625608e-001
3.573599e+003,-1.639192e-001
3.574564e+003,-1.642177e-001
3.575528e+003,-1.639727e-001
3.576492e+003,-1.644614e-001
3.577457e+003,-1.641437e-001
3.578421e+003,-1.655822e-001
3.579385e+003,-1.677971e-001
3.580349e+003,-1.674838e-001
3.581314e+003,-1.668310e-001
3.582278e+003,-1.674550e-001
3.583242e+003,-1.680888e-001
3.584207e+003,-1.678470e-001
3.585171e+003,-1.728911e-001
3.586135e+003,-1.793496e-001
3.587099e+003,-1.748885e-001
3.588063e+003,-1.765002e-001
3.589028e+003,-1.686846e-001
3.589992e+003,-1.653385e-001
3.590956e+003,-1.688321e-001
3.591921e+003,-1.728700e-001
3.592885e+003,-1.747500e-001
3.593849e+003,-1.727561e-001
3.594813e+003,-1.757108e-001
3.595778e+003,-1.720503e-001
3.596742e+003,-1.713786e-001
3.597706e+003,-1.749260e-001
3.598671e+003,-1.750750e-001
3.599635e+003,-1.772295e-001
3.600599e+003,-1.782501e-001
3.601563e+003,-1.740225e-001
3.602528e+003,-1.734030e-001
3.603492e+003,-1.732616e-001
3.604456e+003,-1.740515e-001
3.605420e+003,-1.772132e-001
3.606385e+003,-1.834993e-001
3.607349e+003,-1.807272e-001
3.608313e+003,-1.860090e-001
3.609278e+003,-1.820106e-001
3.610242e+003,-1.705667e-001
3.611206e+003,-1.782364e-001
3.612170e+003,-1.817734e-001
3.613135e+003,-1.734402e-001
3.614099e+003,-1.739704e-001
3.615063e+003,-1.738714e-001
3.616028e+003,-1.759252e-001
3.616992e+003,-1.843729e-001
3.617956e+003,-1.834947e-001
3.618920e+003,-1.887293e-001
3.619885e+003,-1.828541e-001
3.620849e+003,-1.778967e-001
3.621813e+003,-1.800520e-001
3.622777e+003,-1.806013e-001
3.623742e+003,-1.822417e-001
3.624706e+003,-1.845451e-001
3.625670e+003,-1.867829e-001
3.626635e+003,-1.916995e-001
3.627599e+003,-2.061753e-001
3.628563e+003,-2.130710e-001
3.629527e+003,-1.928970e-001
3.630492e+003,-1.803850e-001
3.631456e+003,-1.854834e-001
3.632420e+003,-1.900517e-001
3.633385e+003,-1.920604e-001
3.634349e+003,-1.863969e-001
3.635313e+003,-1.843642e-001
3.636277e+003,-1.848611e-001
3.637241e+003,-1.882695e-001
3.638206e+003,-1.896217e-001
3.639170e+003,-1.888763e-001
3.640134e+003,-1.891807e-001
3.641099e+003,-1.907041e-001
3.642063e+003,-1.906313e-001
3.643027e+003,-1.897281e-001
3.643991e+003,-1.913178e-001
3.644956e+003,-1.949457e-001
3.645920e+003,-2.056912e-001
3.646884e+003,-2.115292e-001
3.647849e+003,-2.065242e-001
3.648813e+003,-2.130011e-001
3.649777e+003,-2.077470e-001
3.650741e+003,-2.047596e-001
3.651706e+003,-1.914441e-001
3.652670e+003,-1.901141e-001
3.653634e+003,-1.930357e-001
3.654598e+003,-1.991578e-001
3.655563e+003,-2.117307e-001
3.656527e+003,-1.994576e-001
3.657491e+003,-1.900718e-001
3.658456e+003,-1.976279e-001
3.659420e+003,-1.993946e-001
3.660384e+003,-1.974090e-001
3.661348e+003,-1.951943e-001
3.662313e+003,-1.959482e-001
3.663277e+003,-1.954292e-001
3.664241e+003,-1.962709e-001
3.665206e+003,-1.973654e-001
3.666170e+003,-1.982197e-001
3.667134e+003,-2.036374e-001
3.668098e+003,-2.142703e-001
3.669063e+003,-2.134220e-001
3.670027e+003,-2.210801e-001
3.670991e+003,-2.041577e-001
3.671955e+003,-1.939204e-001
3.672920e+003,-2.042659e-001
3.673884e+003,-2.214960e-001
3.674848e+003,-2.393354e-001
3.675813e+003,-2.171893e-001
3.676777e+003,-1.953156e-001
3.677741e+003,-2.018461e-001
3.678705e+003,-2.101637e-001
3.679670e+003,-2.063546e-001
3.680634e+003,-2.011988e-001
3.681598e+003,-2.020885e-001
3.682563e+003,-2.021334e-001
3.683527e+003,-2.046283e-001
3.684491e+003,-2.057890e-001
3.685455e+003,-2.062808e-001
3.686419e+003,-2.097406e-001
3.687384e+003,-2.274033e-001
3.688348e+003,-2.221176e-001
3.689312e+003,-2.013022e-001
3.690277e+003,-2.183787e-001
3.691241e+003,-2.153909e-001
3.692205e+003,-2.027206e-001
3.693169e+003,-2.050636e-001
3.694134e+003,-2.056044e-001
3.695098e+003,-2.061551e-001
3.696062e+003,-2.075159e-001
3.697027e+003,-2.073117e-001
3.697991e+003,-2.070028e-001
3.698955e+003,-2.060483e-001
3.699919e+003,-2.067186e-001
3.700884e+003,-2.162718e-001
3.701848e+003,-2.135902e-001
3.702812e+003,-2.050784e-001
3.703776e+003,-2.080351e-001
3.704741e+003,-2.100786e-001
3.705705e+003,-2.109456e-001
3.706669e+003,-2.103620e-001
3.707634e+003,-2.143678e-001
3.708598e+003,-2.247305e-001
3.709562e+003,-2.176269e-001
3.710526e+003,-2.175211e-001
3.711491e+003,-2.339769e-001
3.712455e+003,-2.133451e-001
3.713419e+003,-2.044231e-001
3.714384e+003,-2.118603e-001
3.715348e+003,-2.107429e-001
3.716312e+003,-2.106744e-001
3.717276e+003,-2.130151e-001
3.718240e+003,-2.165007e-001
3.719205e+003,-2.123067e-001
3.720169e+003,-2.110448e-001
3.721133e+003,-2.194624e-001
3.722098e+003,-2.189744e-001
3.723062e+003,-2.100074e-001
3.724026e+003,-2.120943e-001
3.724990e+003,-2.129517e-001
3.725955e+003,-2.126060e-001
3.726919e+003,-2.014437e-001
3.727883e+003,-1.948130e-001
3.728848e+003,-1.956187e-001
3.729812e+003,-1.944750e-001
3.730776e+003,-2.049609e-001
3.731740e+003,-2.145693e-001
3.732705e+003,-1.980521e-001
3.733669e+003,-2.105887e-001
3.734633e+003,-2.216707e-001
3.735597e+003,-2.170158e-001
3.736562e+003,-2.131321e-001
3.737526e+003,-2.069945e-001
3.738490e+003,-2.081116e-001
3.739455e+003,-2.091257e-001
3.740419e+003,-2.176728e-001
3.741383e+003,-2.175504e-001
3.742347e+003,-2.209653e-001
3.743312e+003,-2.500274e-001
3.744276e+003,-2.574930e-001
3.745240e+003,-2.027937e-001
3.746205e+003,-2.125729e-001
3.747169e+003,-2.238504e-001
3.748133e+003,-2.397581e-001
3.749097e+003,-2.465821e-001
3.750062e+003,-2.201132e-001
3.751026e+003,-2.429356e-001
3.751990e+003,-2.498330e-001
3.752954e+003,-2.173481e-001
3.753919e+003,-2.216246e-001
3.754883e+003,-2.296411e-001
3.755847e+003,-2.365298e-001
3.756812e+003,-2.315972e-001
3.757776e+003,-2.301395e-001
3.758740e+003,-2.413323e-001
3.759704e+003,-2.388789e-001
3.760668e+003,-2.269616e-001
3.761633e+003,-2.289911e-001
3.762597e+003,-2.294181e-001
3.763561e+003,-2.314965e-001
3.764526e+003,-2.389408e-001
3.765490e+003,-2.400607e-001
3.766454e+003,-2.293514e-001
3.767418e+003,-2.312718e-001
3.768383e+003,-2.407091e-001
3.769347e+003,-2.499461e-001
3.770311e+003,-2.352796e-001
3.771276e+003,-2.304440e-001
3.772240e+003,-2.346742e-001
3.773204e+003,-2.365209e-001
3.774168e+003,-2.357899e-001
3.775133e+003,-2.360181e-001
3.776097e+003,-2.365809e-001
3.777061e+003,-2.377943e-001
3.778025e+003,-2.426868e-001
3.778990e+003,-2.492829e-001
3.779954e+003,-2.394403e-001
3.780918e+003,-2.364096e-001
3.781883e+003,-2.379331e-001
3.782847e+003,-2.374649e-001
3.783811e+003,-2.413849e-001
3.784775e+003,-2.424765e-001
3.785740e+003,-2.399544e-001
3.786704e+003,-2.403952e-001
3.787668e+003,-2.402692e-001
3.788633e+003,-2.411454e-001
3.789597e+003,-2.413070e-001
3.790561e+003,-2.410321e-001
3.791525e+003,-2.406819e-001
3.792490e+003,-2.417447e-001
3.793454e+003,-2.424525e-001
3.794418e+003,-2.453300e-001
3.795382e+003,-2.540311e-001
3.796347e+003,-2.546118e-001
3.797311e+003,-2.459932e-001
3.798275e+003,-2.467008e-001
3.799240e+003,-2.493489e-001
3.800204e+003,-2.679206e-001
3.801168e+003,-2.689510e-001
3.802132e+003,-2.442248e-001
3.803097e+003,-2.449361e-001
3.804061e+003,-2.456489e-001
3.805025e+003,-2.498995e-001
3.805990e+003,-2.651057e-001
3.806954e+003,-2.564492e-001
3.807918e+003,-2.372047e-001
3.808882e+003,-2.457458e-001
3.809846e+003,-2.496809e-001
3.810811e+003,-2.487624e-001
3.811775e+003,-2.478925e-001
3.812739e+003,-2.495667e-001
3.813704e+003,-2.518835e-001
3.814668e+003,-2.666418e-001
3.815632e+003,-2.761832e-001
3.816596e+003,-2.439945e-001
3.817561e+003,-2.438501e-001
3.818525e+003,-2.545770e-001
3.819489e+003,-2.667951e-001
3.820454e+003,-2.798914e-001
3.821418e+003,-2.655704e-001
3.822382e+003,-2.480015e-001
3.823346e+003,-2.502227e-001
3.824311e+003,-2.519975e-001
3.825275e+003,-2.554857e-001
3.826239e+003,-2.601522e-001
3.827203e+003,-2.539042e-001
3.828168e+003,-2.505725e-001
3.829132e+003,-2.511629e-001
3.830096e+003,-2.570921e-001
3.831061e+003,-2.659091e-001
3.832025e+003,-2.536000e-001
3.832989e+003,-2.510238e-001
3.833953e+003,-2.655963e-001
3.834918e+003,-2.644168e-001
3.835882e+003,-2.576867e-001
3.836846e+003,-2.789070e-001
3.837811e+003,-2.711967e-001
3.838775e+003,-2.501105e-001
3.839739e+003,-2.646770e-001
3.840703e+003,-2.645771e-001
3.841667e+003,-2.554322e-001
3.842632e+003,-2.636273e-001
3.843596e+003,-2.649410e-001
3.844560e+003,-2.542847e-001
3.845525e+003,-2.561584e-001
3.846489e+003,-2.566173e-001
3.847453e+003,-2.565914e-001
3.848417e+003,-2.585536e-001
3.849382e+003,-2.597879e-001
3.850346e+003,-2.646873e-001
3.851310e+003,-2.809367e-001
3.852275e+003,-2.764004e-001
3.853239e+003,-2.957695e-001
3.854203e+003,-2.729305e-001
3.855167e+003,-2.383063e-001
3.856132e+003,-2.576438e-001
3.857096e+003,-2.610476e-001
3.858060e+003,-2.552080e-001
3.859024e+003,-2.555491e-001
3.859989e+003,-2.590669e-001
3.860953e+003,-2.653247e-001
3.861917e+003,-2.624049e-001
3.862882e+003,-2.592004e-001
3.863846e+003,-2.720455e-001
3.864810e+003,-2.716911e-001
3.865774e+003,-2.567868e-001
3.866739e+003,-2.581008e-001
3.867703e+003,-2.651413e-001
3.868667e+003,-2.792876e-001
3.869632e+003,-2.791334e-001
3.870596e+003,-2.558098e-001
3.871560e+003,-2.546668e-001
3.872524e+003,-2.617044e-001
3.873489e+003,-2.726529e-001
3.874453e+003,-2.641370e-001
3.875417e+003,-2.555726e-001
3.876381e+003,-2.576159e-001
3.877346e+003,-2.577844e-001
3.878310e+003,-2.600727e-001
3.879274e+003,-2.727062e-001
3.880239e+003,-2.722169e-001
3.881203e+003,-2.575210e-001
3.882167e+003,-2.609591e-001
3.883131e+003,-2.642010e-001
3.884096e+003,-2.677405e-001
3.885060e+003,-2.798323e-001
3.886024e+003,-2.635190e-001
3.886989e+003,-2.528715e-001
3.887953e+003,-2.595057e-001
3.888917e+003,-2.621149e-001
3.889881e+003,-2.693177e-001
3.890845e+003,-2.751548e-001
3.891810e+003,-2.612329e-001
3.892774e+003,-2.591957e-001
3.893738e+003,-2.622053e-001
3.894703e+003,-2.588777e-001
3.895667e+003,-2.580595e-001
3.896631e+003,-2.605031e-001
3.897595e+003,-2.670115e-001
3.898560e+003,-2.764927e-001
3.899524e+003,-2.667825e-001
3.900488e+003,-2.661239e-001
3.901453e+003,-2.752848e-001
3.902417e+003,-2.647910e-001
3.903381e+003,-2.753425e-001
3.904345e+003,-2.696305e-001
3.905310e+003,-2.605894e-001
3.906274e+003,-2.604215e-001
3.907238e+003,-2.595782e-001
3.908202e+003,-2.603706e-001
3.909167e+003,-2.606327e-001
3.910131e+003,-2.616204e-001
3.911095e+003,-2.623384e-001
3.912060e+003,-2.619676e-001
3.913024e+003,-2.619139e-001
3.913988e+003,-2.629722e-001
3.914952e+003,-2.629193e-001
3.915917e+003,-2.669636e-001
3.916881e+003,-2.671671e-001
3.917845e+003,-2.600429e-001
3.918810e+003,-2.655692e-001
3.919774e+003,-2.694780e-001
3.920738e+003,-2.623970e-001
3.921702e+003,-2.614800e-001
3.922667e+003,-2.649532e-001
3.923631e+003,-2.679434e-001
3.924595e+003,-2.687925e-001
3.925559e+003,-2.652620e-001
3.926524e+003,-2.639508e-001
3.927488e+003,-2.645860e-001
3.928452e+003,-2.656984e-001
3.929417e+003,-2.657696e-001
3.930381e+003,-2.642346e-001
3.931345e+003,-2.690881e-001
3.932309e+003,-2.689506e-001
3.933274e+003,-2.636158e-001
3.934238e+003,-2.631631e-001
3.935202e+003,-2.616760e-001
3.936167e+003,-2.617064e-001
3.937131e+003,-2.638113e-001
3.938095e+003,-2.648211e-001
3.939059e+003,-2.629744e-001
3.940023e+003,-2.615391e-001
3.940988e+003,-2.623554e-001
3.941952e+003,-2.674166e-001
3.942916e+003,-2.646247e-001
3.943881e+003,-2.614867e-001
3.944845e+003,-2.618606e-001
3.945809e+003,-2.627780e-001
3.946773e+003,-2.660354e-001
3.947738e+003,-2.654432e-001
3.948702e+003,-2.657398e-001
3.949666e+003,-2.669750e-001
3.950631e+003,-2.641329e-001
3.951595e+003,-2.630005e-001
3.952559e+003,-2.633891e-001
3.953523e+003,-2.633407e-001
3.954488e+003,-2.627210e-001
3.955452e+003,-2.629499e-001
3.956416e+003,-2.633894e-001
3.957380e+003,-2.634008e-001
3.958345e+003,-2.635736e-001
3.959309e+003,-2.631332e-001
3.960273e+003,-2.642750e-001
3.961238e+003,-2.660993e-001
3.962202e+003,-2.637137e-001
3.963166e+003,-2.613958e-001
3.964130e+003,-2.620061e-001
3.965095e+003,-2.634747e-001
3.966059e+003,-2.636790e-001
3.967023e+003,-2.630417e-001
3.967988e+003,-2.626489e-001
3.968952e+003,-2.629535e-001
3.969916e+003,-2.634396e-001
3.970880e+003,-2.643460e-001
3.971844e+003,-2.643844e-001
3.972809e+003,-2.637720e-001
3.973773e+003,-2.627690e-001
3.974737e+003,-2.631360e-001
3.975702e+003,-2.639586e-001
3.976666e+003,-2.646433e-001
3.977630e+003,-2.649037e-001
3.978594e+003,-2.641423e-001
3.979559e+003,-2.632965e-001
3.980523e+003,-2.617505e-001
3.981487e+003,-2.619862e-001
3.982452e+003,-2.637085e-001
3.983416e+003,-2.647832e-001
3.984380e+003,-2.651497e-001
3.985344e+003,-2.640306e-001
3.986309e+003,-2.628499e-001
3.987273e+003,-2.624896e-001
3.988237e+003,-2.620960e-001
3.989201e+003,-2.620705e-001
3.990166e+003,-2.633874e-001
3.991130e+003,-2.631029e-001
3.992094e+003,-2.617382e-001
3.993059e+003,-2.616461e-001
3.994023e+003,-2.629975e-001
3.994987e+003,-2.642676e-001
3.995951e+003,-2.636285e-001
3.996916e+003,-2.611873e-001
3.997880e+003,-2.600188e-001
3.998844e+003,-2.612050e-001
3.999809e+003,-2.625891e-001
